1	1	9327054	9327055	-	T	13	7	0.35
2	1	160001749	160001749	T	-	36	0	0
3	1	185088165	185088165	T	-	30	0	0
4	2	5834343	5834344	-	G	79	0	0
5	2	27360864	27360864	A	-	12	0	0
6	2	27360871	27360871	A	-	11	0	0
7	2	27360875	27360875	G	-	8	0	0
8	2	43655168	43655170	AAG	-	7	4	0.363636
9	2	60780417	60780418	-	C	11	0	0
10	2	223512162	223512163	-	A	69	0	0
11	3	27757890	27757890	T	-	62	0	0
12	3	137751031	137751032	-	C	21	0	0
13	3	190345053	190345053	G	-	10	0	0
14	3	197400539	197400540	GA	-	88	4	0.0434783
15	3	197400546	197400547	GA	-	85	4	0.0449438
16	3	197765868	197765868	G	-	84	0	0
17	5	95195225	95195225	G	-	41	0	0
18	5	95195230	95195235	ACGACT	-	35	2	0.0540541
19	5	96497119	96497120	TT	-	23	2	0.08
20	5	106716073	106716073	C	-	14	0	0
21	5	175925821	175925822	-	AC	10	4	0.285714
22	6	396987	397003	CTCCTGCACTCCTTTAC	-	45	16	0.262295
23	6	18264079	18264081	TCC	-	24	5	0.172414
24	6	27791918	27791920	AAA	-	13	0	0
25	6	42890872	42890873	GG	-	126	17	0.118881
26	6	138752424	138752428	GTTCC	-	41	1	0.0238095
27	8	8996561	8996562	-	G	7	0	0
28	9	16582927	16582927	A	-	13	0	0
29	9	44169985	44169986	-	CC	12	2	0.142857
30	9	44169988	44169988	C	-	10	0	0
31	9	86554155	86554156	-	T	12	1	0.0769231
32	9	113341281	113341282	-	G	143	0	0
33	9	116245284	116245285	TG	-	23	3	0.115385
34	10	54077191	54077192	TG	-	30	3	0.0909091
35	10	118889537	118889537	A	-	11	0	0
36	10	119044452	119044453	-	CCGGCTGGGGAGTC	47	33	0.4125
37	11	31824521	31824522	-	C	12	0	0
38	11	60233546	60233547	-	AT	8	10	0.555556
39	11	67166514	67166514	C	-	107	0	0
40	11	103123999	103123999	G	-	4	0	0
41	11	111229385	111229385	T	-	12	0	0
42	11	111229387	111229387	T	-	9	0	0
43	12	3048914	3048915	AC	-	51	1	0.0192308
44	12	11083639	11083640	-	CCA	41	0	0
45	12	24102728	24102730	TTC	-	9	9	0.5
46	12	28458497	28458498	AG	-	14	2	0.125
47	12	80169559	80169560	TG	-	28	1	0.0344828
48	12	85449545	85449546	-	G	42	0	0
49	12	125445061	125445062	-	AC	8	2	0.2
50	13	44443424	44443425	TG	-	19	0	0
51	14	39650658	39650660	GTT	-	29	1	0.0333333
52	15	41865140	41865141	-	G	66	0	0
53	15	48749074	48749075	CA	-	12	2	0.142857
54	15	59149623	59149624	-	T	2	3	0.6
55	16	1479187	1479187	G	-	74	0	0
56	16	1479195	1479195	A	-	90	0	0
57	16	67577489	67577490	CA	-	4	0	0
58	16	72819992	72819993	-	G	70	2	0.0277778
59	16	81094793	81094793	A	-	37	0	0
60	17	39412339	39412340	-	C	70	0	0
61	17	48458224	48458225	-	A	37	2	0.0512821
62	17	76849821	76849822	-	AT	20	0	0
63	17	76849825	76849826	-	AGAA	18	0	0
64	17	76849830	76849831	-	AGTA	19	2	0.0952381
65	17	76849835	76849835	A	-	21	0	0
66	18	71807707	71807708	-	T	5	0	0
67	19	14165436	14165440	CAGAG	-	173	2	0.0114286
68	19	35631833	35631834	-	TT	37	4	0.097561
69	19	35631837	35631838	-	G	34	4	0.105263
70	19	35631842	35631843	-	A	34	0	0
71	19	38377440	38377441	CC	-	7	2	0.222222
72	19	55832170	55832170	A	-	13	0	0
73	20	32319499	32319499	G	-	7	0	0
74	21	42551375	42551376	-	GAG	21	4	0.16
75	21	42551388	42551388	C	-	11	0	0
76	22	30094487	30094487	T	-	30	0	0
77	22	30094494	30094494	T	-	19	0	0
78	22	30094498	30094498	A	-	17	0	0
79	X	57934747	57934748	-	A	24	0	0
80	GL000220.1	131182	131183	-	T	0	25	1
81	1	986645	986645	G	A	124	75	0.376884
82	1	2523999	2523999	G	A	1	28	0.965517
83	1	3418578	3418578	T	C	24	27	0.529412
84	1	9770257	9770257	C	A	0	2	1
85	1	9790454	9790454	T	G	68	2	0.0285714
86	1	13182821	13182821	G	A	73	54	0.425197
87	1	16264330	16264330	C	G	40	8	0.166667
88	1	16892311	16892311	A	G	494	14	0.0275591
89	1	16893701	16893701	G	A	1095	75	0.0641026
90	1	16894323	16894323	C	A	163	33	0.168367
91	1	16903794	16903794	C	A	282	69	0.196581
92	1	16939862	16939862	C	T	549	134	0.196193
93	1	16939933	16939933	C	G	1119	219	0.163677
94	1	16946417	16946417	G	C	1092	200	0.154799
95	1	17197882	17197882	G	T	770	50	0.0609756
96	1	19585652	19585652	A	G	19	10	0.344828
97	1	19585676	19585676	T	G	46	6	0.115385
98	1	20517468	20517468	C	A	19	3	0.136364
99	1	22857211	22857211	C	A	22	3	0.12
100	1	26516110	26516110	G	A	171	6	0.0338983
101	1	27099947	27099947	C	T	133	120	0.474308
102	1	35577352	35577352	A	C	9	9	0.5
103	1	35577903	35577903	T	C	1	5	0.833333
104	1	40961260	40961260	G	T	34	4	0.105263
105	1	46751578	46751578	T	G	39	16	0.290909
106	1	53158524	53158524	A	C	22	10	0.3125
107	1	65448827	65448827	A	G	67	5	0.0694444
108	1	68168873	68168873	T	A	25	5	0.166667
109	1	68896862	68896862	G	T	27	3	0.1
110	1	86173579	86173579	G	T	20	5	0.2
111	1	89449434	89449434	T	C	128	54	0.296703
112	1	89449483	89449483	C	G	88	15	0.145631
113	1	89892576	89892576	G	T	0	2	1
114	1	109505936	109505936	T	G	2	1	0.333333
115	1	110254840	110254840	T	G	46	4	0.08
116	1	121484410	121484410	G	T	114	8	0.0655738
117	1	121484671	121484671	T	G	265	23	0.0798611
118	1	121485203	121485203	G	A	1672	61	0.0351991
119	1	121485371	121485371	C	T	1039	36	0.0334884
120	1	142670790	142670790	G	A	57	8	0.123077
121	1	142670795	142670795	C	G	65	8	0.109589
122	1	142670797	142670797	A	C	65	8	0.109589
123	1	143156758	143156758	T	C	0	3	1
124	1	143156783	143156783	G	A	0	3	1
125	1	143156784	143156784	C	G	0	3	1
126	1	145368518	145368518	C	T	220	35	0.137255
127	1	147381246	147381246	G	A	178	84	0.320611
128	1	148853906	148853906	T	A	1385	276	0.166165
129	1	149091574	149091574	A	G	50	5	0.0909091
130	1	150599147	150599147	T	C	4	4	0.5
131	1	150667079	150667079	C	A	1	3	0.75
132	1	151847110	151847110	T	C	93	10	0.0970874
133	1	152277608	152277608	T	A	325	11	0.0327381
134	1	153362704	153362704	C	A	39	26	0.4
135	1	154245393	154245393	A	C	2	7	0.777778
136	1	154842333	154842333	C	T	245	14	0.0540541
137	1	155698999	155698999	G	A	80	23	0.223301
138	1	160063205	160063205	T	G	18	4	0.181818
139	1	160967549	160967549	T	G	78	10	0.113636
140	1	162748374	162748374	A	G	58	16	0.216216
141	1	163122272	163122272	C	A	0	2	1
142	1	169510220	169510220	G	A	310	31	0.0909091
143	1	169510293	169510293	T	C	449	23	0.0487288
144	1	169510367	169510367	T	G	472	37	0.0726916
145	1	169510431	169510431	G	A	363	29	0.0739796
146	1	169510502	169510502	G	T	463	33	0.0665323
147	1	169510637	169510637	T	G	398	11	0.0268949
148	1	171546507	171546507	C	A	0	2	1
149	1	180887013	180887013	G	T	351	9	0.025
150	1	182522386	182522386	G	T	0	2	1
151	1	182778384	182778384	C	T	0	2	1
152	1	185125902	185125902	T	G	29	1	0.0333333
153	1	186276429	186276429	C	T	611	18	0.0286169
154	1	186276568	186276568	C	A	533	47	0.0810345
155	1	186277676	186277676	C	T	38	8	0.173913
156	1	186277687	186277687	G	A	41	8	0.163265
157	1	186277692	186277692	A	G	36	8	0.181818
158	1	201178455	201178455	C	T	85	29	0.254386
159	1	201178464	201178464	T	C	78	32	0.290909
160	1	201178688	201178688	A	G	282	15	0.0505051
161	1	201178710	201178710	G	A	348	12	0.0333333
162	1	201178897	201178897	G	A	279	19	0.0637584
163	1	201178957	201178957	A	G	392	34	0.0798122
164	1	201179120	201179120	T	G	197	22	0.100457
165	1	201179137	201179137	A	G	161	14	0.08
166	1	201179142	201179142	G	A	164	13	0.0734463
167	1	201179158	201179158	G	A	96	22	0.186441
168	1	201179166	201179166	G	T	89	13	0.127451
169	1	201179181	201179181	G	A	51	39	0.433333
170	1	201179929	201179929	A	G	258	24	0.0851064
171	1	201180177	201180177	T	C	163	27	0.142105
172	1	201180217	201180217	A	G	180	72	0.285714
173	1	201180430	201180430	G	A	261	50	0.160772
174	1	201180433	201180433	A	G	259	51	0.164516
175	1	201180469	201180469	A	G	291	39	0.118182
176	1	201180538	201180538	A	G	347	32	0.0844327
177	1	201180541	201180541	G	A	351	30	0.0787402
178	1	201180577	201180577	G	A	328	39	0.106267
179	1	201180593	201180593	G	A	319	20	0.0589971
180	1	201180625	201180625	G	A	225	54	0.193548
181	1	201180633	201180633	A	G	242	57	0.190635
182	1	201180678	201180678	G	A	271	51	0.158385
183	1	201180685	201180685	A	G	283	48	0.145015
184	1	203472909	203472909	T	C	11	75	0.872093
185	1	203683236	203683236	T	G	8	5	0.384615
186	1	204519473	204519473	T	A	3	4	0.571429
187	1	205901135	205901135	C	A	46	6	0.115385
188	1	205901136	205901136	A	C	46	6	0.115385
189	1	206653611	206653611	G	C	1	5	0.833333
190	1	206653633	206653633	G	A	3	5	0.625
191	1	210856612	210856612	A	T	28	3	0.0967742
192	1	217804205	217804205	C	T	168	6	0.0344828
193	1	223958272	223958272	G	T	21	3	0.125
194	1	228362796	228362796	C	A	75	4	0.0506329
195	1	228402105	228402105	T	A	133	9	0.0633803
196	1	236260470	236260470	G	A	13	5	0.277778
197	1	236260528	236260528	G	A	21	10	0.322581
198	1	242379125	242379125	C	A	0	2	1
199	2	2567216	2567216	C	T	8	9	0.529412
200	2	7038022	7038022	A	G	5	3	0.375
201	2	8996932	8996932	A	G	10	5	0.333333
202	2	9540112	9540112	C	T	45	5	0.1
203	2	11758318	11758318	G	A	210	10	0.0454545
204	2	11758325	11758325	T	C	209	10	0.0456621
205	2	24307285	24307285	G	A	98	25	0.203252
206	2	27347071	27347071	C	A	32	29	0.47541
207	2	27360868	27360868	T	G	8	12	0.6
208	2	46989943	46989943	T	G	4	3	0.428571
209	2	61298610	61298610	G	A	0	2	1
210	2	71740215	71740215	A	C	0	2	1
211	2	85133566	85133566	A	C	53	5	0.0862069
212	2	91934863	91934863	G	T	243	32	0.116364
213	2	96525640	96525640	G	T	72	15	0.172414
214	2	96525659	96525659	C	T	66	11	0.142857
215	2	96676301	96676301	C	A	118	57	0.325714
216	2	97561000	97561000	C	A	0	2	1
217	2	97808495	97808495	C	T	33	24	0.421053
218	2	102781651	102781651	C	A	20	24	0.545455
219	2	110371803	110371803	C	T	38	63	0.623762
220	2	132240334	132240334	C	T	370	66	0.151376
221	2	132919488	132919488	C	G	69	9	0.115385
222	2	132919501	132919501	T	G	57	9	0.136364
223	2	133014556	133014556	C	T	112	14	0.111111
224	2	133019671	133019671	C	T	197	18	0.0837209
225	2	133019687	133019687	T	G	195	22	0.101382
226	2	139065877	139065877	G	T	0	2	1
227	2	161350086	161350086	C	T	197	18	0.0837209
228	2	189458571	189458571	A	C	0	2	1
229	2	201371836	201371836	T	C	6	2	0.25
230	2	209176801	209176801	C	A	0	2	1
231	2	211521410	211521410	A	C	6	7	0.538462
232	2	216903591	216903591	G	A	1	3	0.75
233	2	220364458	220364458	C	T	2	3	0.6
234	2	220364491	220364491	T	G	3	6	0.666667
235	2	220364515	220364515	C	T	8	7	0.466667
236	2	220418929	220418929	G	T	0	2	1
237	2	223512252	223512252	A	G	55	11	0.166667
238	2	223512270	223512270	T	A	37	6	0.139535
239	2	231187410	231187410	C	A	0	2	1
240	2	231913385	231913385	G	A	20	4	0.166667
241	2	234379495	234379495	G	C	39	9	0.1875
242	2	242674918	242674918	G	T	51	4	0.0727273
243	3	404769	404769	C	T	0	2	1
244	3	13368885	13368885	G	A	112	69	0.381215
245	3	15093743	15093743	C	A	44	4	0.0833333
246	3	18951159	18951159	T	C	148	13	0.0807453
247	3	48457605	48457605	C	A	290	7	0.023569
248	3	48699516	48699516	C	T	91	4	0.0421053
249	3	49146179	49146179	C	A	86	4	0.0444444
250	3	49679868	49679868	G	A	186	19	0.0926829
251	3	49723274	49723274	G	A	640	139	0.178434
252	3	49723916	49723916	T	G	543	127	0.189552
253	3	50230456	50230456	T	C	39	11	0.22
254	3	52432185	52432185	A	C	12	4	0.25
255	3	52851193	52851193	C	A	0	2	1
256	3	57126510	57126510	A	G	7	7	0.5
257	3	57356850	57356850	G	T	0	2	1
258	3	57356856	57356856	G	C	0	2	1
259	3	58157799	58157799	T	G	34	41	0.546667
260	3	58304222	58304222	C	T	2	5	0.714286
261	3	58419500	58419500	G	A	139	5	0.0347222
262	3	67570725	67570725	G	T	0	2	1
263	3	94656460	94656460	G	A	96	9	0.0857143
264	3	97868656	97868656	C	T	29	11	0.275
265	3	107047059	107047059	G	C	18	5	0.217391
266	3	109028087	109028087	G	A	36	27	0.428571
267	3	111903378	111903378	A	G	13	7	0.35
268	3	127106431	127106431	C	T	0	2	1
269	3	133557211	133557211	T	G	76	6	0.0731707
270	3	137601038	137601038	G	T	0	2	1
271	3	143530560	143530560	C	A	0	2	1
272	3	148923980	148923980	T	A	13	15	0.535714
273	3	150421564	150421564	A	T	101	10	0.0900901
274	3	170078486	170078486	C	A	26	3	0.103448
275	3	184008541	184008541	A	C	67	7	0.0945946
276	3	185390427	185390427	G	C	135	118	0.466403
277	3	186573215	186573215	A	C	28	2	0.0666667
278	3	190024701	190024701	T	C	116	8	0.0645161
279	3	191179129	191179129	A	C	27	7	0.205882
280	3	194181448	194181448	A	C	42	3	0.0666667
281	3	195505774	195505774	G	T	163	33	0.168367
282	3	195505836	195505836	G	C	114	105	0.479452
283	3	195508336	195508336	C	T	387	38	0.0894118
284	3	195508343	195508343	A	T	388	21	0.0513447
285	3	195511781	195511781	G	A	793	67	0.077907
286	3	195511931	195511931	C	T	670	28	0.0401146
287	3	195512606	195512606	G	C	412	50	0.108225
288	3	195515271	195515271	A	G	323	34	0.0952381
289	3	195664356	195664356	A	C	54	11	0.169231
290	3	196529982	196529982	A	G	40	11	0.215686
291	3	196530013	196530013	A	G	22	13	0.371429
292	3	196530037	196530037	T	A	10	7	0.411765
293	3	197237572	197237572	G	T	0	2	1
294	3	197400558	197400558	C	T	77	7	0.0833333
295	4	86081	86081	C	A	22	11	0.333333
296	4	367001	367001	G	A	31	6	0.162162
297	4	1672916	1672916	A	G	8	11	0.578947
298	4	1672997	1672997	G	A	14	8	0.363636
299	4	2965533	2965533	G	A	13	13	0.5
300	4	3443800	3443800	G	C	424	26	0.0577778
301	4	25777995	25777995	A	G	26	4	0.133333
302	4	44653650	44653650	A	T	17	17	0.5
303	4	71347345	71347345	C	T	439	32	0.0679406
304	4	71347346	71347346	G	A	413	56	0.119403
305	4	76454094	76454094	G	A	2	4	0.666667
306	4	78469941	78469941	C	T	0	3	1
307	4	92521748	92521748	C	T	21	12	0.363636
308	4	106892268	106892268	A	T	46	6	0.115385
309	4	113186313	113186313	G	T	1	3	0.75
310	4	119559280	119559280	C	T	269	106	0.282667
311	4	123170922	123170922	A	G	0	2	1
312	4	142053798	142053798	G	T	19	3	0.136364
313	4	145658927	145658927	C	T	23	3	0.115385
314	4	146823389	146823389	G	T	101	5	0.0471698
315	5	228288	228288	C	T	125	12	0.0875912
316	5	228322	228322	A	G	133	10	0.0699301
317	5	710879	710879	G	A	33	4	0.108108
318	5	710944	710944	A	G	25	5	0.166667
319	5	20302915	20302915	C	G	4	6	0.6
320	5	34192281	34192281	A	C	2148	126	0.055409
321	5	41312741	41312741	C	T	7	5	0.416667
322	5	49693751	49693751	T	C	19	6	0.24
323	5	49693765	49693765	T	C	14	6	0.3
324	5	49693770	49693770	C	T	14	6	0.3
325	5	54528137	54528137	A	G	6	10	0.625
326	5	55056404	55056404	A	G	0	2	1
327	5	65084429	65084429	A	G	6	4	0.4
328	5	72199634	72199634	C	A	26	3	0.103448
329	5	75911526	75911526	T	C	83	6	0.0674157
330	5	89985985	89985985	G	T	0	2	1
331	5	90024393	90024393	G	C	0	2	1
332	5	95195241	95195241	A	T	30	8	0.210526
333	5	96253380	96253380	A	G	43	7	0.14
334	5	96518822	96518822	T	G	23	3	0.115385
335	5	114858639	114858639	T	A	52	6	0.103448
336	5	115177612	115177612	C	T	5	36	0.878049
337	5	115177621	115177621	T	G	7	60	0.895522
338	5	132051658	132051658	C	A	9	4	0.307692
339	5	132652404	132652404	C	A	5	3	0.375
340	5	133914639	133914639	A	C	55	3	0.0517241
341	5	140052320	140052320	T	C	100	88	0.468085
342	5	140052495	140052495	T	G	42	57	0.575758
343	5	156535999	156535999	C	A	17	3	0.15
344	5	159678681	159678681	G	T	62	4	0.0606061
345	5	177388616	177388616	G	A	1	3	0.75
346	6	7378745	7378745	C	A	0	2	1
347	6	24780716	24780716	G	T	0	2	1
348	6	30673105	30673105	C	G	123	8	0.0610687
349	6	30673340	30673340	A	G	158	9	0.0538922
350	6	30673351	30673351	C	G	142	9	0.0596026
351	6	30673359	30673359	T	G	143	10	0.0653595
352	6	30917110	30917110	G	A	87	12	0.121212
353	6	30917131	30917131	A	C	113	19	0.143939
354	6	30917137	30917137	C	T	137	11	0.0743243
355	6	30917300	30917300	T	C	183	14	0.071066
356	6	30917331	30917331	C	A	209	19	0.0833333
357	6	30917334	30917334	G	A	216	20	0.0847458
358	6	30917361	30917361	A	G	176	12	0.0638298
359	6	30917368	30917368	C	T	174	14	0.0744681
360	6	30917417	30917417	T	C	140	23	0.141104
361	6	30917696	30917696	A	G	146	13	0.081761
362	6	30917711	30917711	G	C	122	10	0.0757576
363	6	30917719	30917719	C	T	120	9	0.0697674
364	6	30918217	30918217	A	G	177	12	0.0634921
365	6	30918238	30918238	G	T	174	17	0.0890052
366	6	30918725	30918725	G	C	162	11	0.0635838
367	6	30918748	30918748	A	C	182	13	0.0666667
368	6	30918782	30918782	C	G	187	9	0.0459184
369	6	30918925	30918925	T	C	80	8	0.0909091
370	6	30918928	30918928	C	T	85	7	0.076087
371	6	30919119	30919119	A	G	70	9	0.113924
372	6	30954379	30954379	A	C	237	15	0.0595238
373	6	30954753	30954753	C	T	316	11	0.0336391
374	6	31127477	31127477	C	A	15	4	0.210526
375	6	32557510	32557510	G	A	177	29	0.140777
376	6	32557544	32557544	G	T	142	24	0.144578
377	6	32557550	32557550	A	G	132	23	0.148387
378	6	32609783	32609783	C	A	14	3	0.176471
379	6	34122729	34122729	G	T	0	2	1
380	6	38825378	38825378	C	T	18	3	0.142857
381	6	41554901	41554901	A	C	13	6	0.315789
382	6	41569336	41569336	A	G	33	15	0.3125
383	6	43521265	43521265	C	T	42	5	0.106383
384	6	46656157	46656157	C	A	111	10	0.0826446
385	6	46656158	46656158	T	G	111	10	0.0826446
386	6	52705704	52705704	G	A	21	3	0.125
387	6	52764688	52764688	G	T	23	3	0.115385
388	6	53659854	53659854	T	G	58	4	0.0645161
389	6	72967934	72967934	C	A	11	3	0.214286
390	6	83884333	83884333	C	A	0	2	1
391	6	84800574	84800574	G	T	0	2	1
392	6	90660870	90660870	T	G	44	5	0.102041
393	6	116442300	116442300	G	A	56	5	0.0819672
394	6	134323389	134323389	G	A	0	2	1
395	6	145114960	145114960	C	A	0	2	1
396	6	151209140	151209140	A	G	2	4	0.666667
397	7	2098342	2098342	G	A	42	6	0.125
398	7	2652194	2652194	T	C	74	10	0.119048
399	7	3990506	3990506	T	G	1	2	0.666667
400	7	20180497	20180497	G	C	21	8	0.275862
401	7	21677095	21677095	G	T	0	2	1
402	7	24789182	24789182	C	A	2	3	0.6
403	7	27209239	27209239	G	A	12	3	0.2
404	7	39990657	39990657	T	G	42	3	0.0666667
405	7	47925553	47925553	G	T	170	5	0.0285714
406	7	48511348	48511348	C	A	0	2	1
407	7	56007953	56007953	C	T	5	5	0.5
408	7	56007954	56007954	C	T	5	5	0.5
409	7	57076617	57076617	C	T	31	7	0.184211
410	7	57529219	57529219	T	C	39	6	0.133333
411	7	61968901	61968901	T	G	237	38	0.138182
412	7	61969180	61969180	A	T	217	21	0.0882353
413	7	61969261	61969261	T	G	279	16	0.0542373
414	7	61969527	61969527	T	A	195	14	0.0669856
415	7	63726985	63726985	C	A	62	6	0.0882353
416	7	63982275	63982275	A	C	19	4	0.173913
417	7	73112381	73112381	C	T	14	6	0.3
418	7	76825135	76825135	G	A	2	4	0.666667
419	7	88423929	88423929	C	A	24	21	0.466667
420	7	89864060	89864060	A	G	4	3	0.428571
421	7	91709288	91709288	A	T	25	18	0.418605
422	7	93551010	93551010	T	G	24	0	0
423	7	94166845	94166845	G	A	26	4	0.133333
424	7	96639547	96639547	T	G	25	20	0.444444
425	7	99355591	99355591	G	T	50	4	0.0740741
426	7	99634065	99634065	T	C	68	5	0.0684932
427	7	100320815	100320815	A	C	21	8	0.275862
428	7	100320819	100320819	T	C	23	5	0.178571
429	7	100349529	100349529	T	C	95	9	0.0865385
430	7	100349530	100349530	C	T	99	8	0.0747664
431	7	100349552	100349552	T	C	79	10	0.11236
432	7	100349566	100349566	A	C	80	14	0.148936
433	7	100349570	100349570	G	T	72	12	0.142857
434	7	100349592	100349592	C	T	113	13	0.103175
435	7	100349941	100349941	C	T	67	9	0.118421
436	7	100349969	100349969	C	T	78	8	0.0930233
437	7	100350052	100350052	T	C	144	8	0.0526316
438	7	100350340	100350340	T	C	127	11	0.0797101
439	7	100350348	100350348	C	T	124	8	0.0606061
440	7	100350466	100350466	C	T	116	15	0.114504
441	7	100350487	100350487	C	T	118	8	0.0634921
442	7	121943226	121943226	C	A	21	3	0.125
443	7	127670327	127670327	C	G	73	16	0.179775
444	7	128519991	128519991	T	A	251	33	0.116197
445	7	129963791	129963791	C	G	82	13	0.136842
446	7	130352249	130352249	G	T	23	3	0.115385
447	7	130418034	130418034	C	T	108	5	0.0442478
448	7	149462856	149462856	C	A	351	32	0.0835509
449	7	156140640	156140640	C	T	48	34	0.414634
450	7	158821045	158821045	A	T	77	4	0.0493827
451	8	623547	623547	C	T	367	20	0.0516796
452	8	623555	623555	A	C	360	17	0.0450928
453	8	2813230	2813230	G	T	49	5	0.0925926
454	8	2813231	2813231	G	T	48	5	0.0943396
455	8	2954650	2954650	G	A	0	2	1
456	8	8176642	8176642	C	A	208	6	0.0280374
457	8	11990282	11990282	G	A	313	18	0.0543807
458	8	26492255	26492255	T	G	2	2	0.5
459	8	26514135	26514135	C	T	71	4	0.0533333
460	8	39103692	39103692	A	T	18	20	0.526316
461	8	63779414	63779414	A	G	2	5	0.714286
462	8	74868396	74868396	C	G	7	5	0.416667
463	8	85618455	85618455	C	A	0	2	1
464	8	89053737	89053737	T	G	4	6	0.6
465	8	101082562	101082562	G	A	23	20	0.465116
466	8	101082565	101082565	A	T	24	20	0.454545
467	8	101082605	101082605	T	C	38	20	0.344828
468	8	101082611	101082611	G	A	45	19	0.296875
469	8	110592176	110592176	G	C	22	6	0.214286
470	8	132051737	132051737	G	A	114	118	0.508621
471	8	143310655	143310655	A	G	0	3	1
472	8	145113241	145113241	T	A	231	21	0.0833333
473	8	145736584	145736584	C	A	69	4	0.0547945
474	8	146067688	146067688	G	C	39	9	0.1875
475	8	146279970	146279970	G	T	25	3	0.107143
476	9	2643933	2643933	G	A	52	9	0.147541
477	9	6749090	6749090	C	G	17	6	0.26087
478	9	33046816	33046816	T	C	16	7	0.304348
479	9	33062309	33062309	C	A	0	2	1
480	9	33385667	33385667	A	G	278	66	0.19186
481	9	33924418	33924418	G	T	0	2	1
482	9	34370018	34370018	T	A	18	5	0.217391
483	9	35661711	35661711	G	A	22	4	0.153846
484	9	66499716	66499716	A	G	714	65	0.0834403
485	9	68427835	68427835	A	G	100	6	0.0566038
486	9	71623344	71623344	G	T	17	3	0.15
487	9	72874009	72874009	C	G	81	42	0.341463
488	9	86554176	86554176	T	C	19	7	0.269231
489	9	90524479	90524479	T	C	1	3	0.75
490	9	99983623	99983623	C	A	26	15	0.365854
491	9	99983626	99983626	T	G	25	16	0.390244
492	9	101606610	101606610	G	A	0	2	1
493	9	105767807	105767807	A	G	1	3	0.75
494	9	105767821	105767821	T	A	0	3	1
495	9	105767825	105767825	C	A	0	3	1
496	9	113169203	113169203	T	G	2	7	0.777778
497	9	115875171	115875171	A	G	11	5	0.3125
498	9	116930714	116930714	A	C	34	5	0.128205
499	9	120475540	120475540	A	G	7	17	0.708333
500	9	126213049	126213049	A	G	20	20	0.5
501	9	130473069	130473069	G	T	18	3	0.142857
502	9	131769033	131769033	G	T	34	4	0.105263
503	9	132900763	132900763	A	C	34	8	0.190476
504	9	139306643	139306643	C	A	12	3	0.2
505	9	139413097	139413097	T	G	24	6	0.2
506	10	7318746	7318746	T	C	9	6	0.4
507	10	7844353	7844353	G	C	46	4	0.08
508	10	12872705	12872705	G	T	0	2	1
509	10	15150311	15150311	A	G	8	5	0.384615
510	10	17839549	17839549	T	C	13	5	0.277778
511	10	27301615	27301615	A	G	0	2	1
512	10	42383736	42383736	T	C	4	8	0.666667
513	10	42387294	42387294	A	G	194	14	0.0673077
514	10	42599602	42599602	C	T	234	9	0.037037
515	10	42599752	42599752	C	G	177	10	0.0534759
516	10	70551560	70551560	G	A	0	2	1
517	10	76788809	76788809	A	G	72	7	0.0886076
518	10	76788827	76788827	T	A	79	8	0.091954
519	10	76910819	76910819	C	T	0	2	1
520	10	93623934	93623934	T	G	18	4	0.181818
521	10	95791037	95791037	G	A	75	6	0.0740741
522	10	112697031	112697031	G	T	141	7	0.0472973
523	10	135101850	135101850	G	A	219	10	0.0436681
524	10	135101961	135101961	G	A	14	19	0.575758
525	10	135105914	135105914	C	T	12	8	0.4
526	11	1017401	1017401	G	A	342	19	0.0526316
527	11	1018316	1018316	G	A	510	35	0.0642202
528	11	1018442	1018442	G	A	225	10	0.0425532
529	11	1253942	1253942	T	C	309	66	0.176
530	11	1531795	1531795	G	C	18	5	0.217391
531	11	1651211	1651211	C	A	222	56	0.201439
532	11	3038638	3038638	T	C	4	3	0.428571
533	11	10777454	10777454	C	A	0	2	1
534	11	14303266	14303266	C	A	26	3	0.103448
535	11	18252952	18252952	C	T	34	4	0.105263
536	11	18725792	18725792	G	A	74	5	0.0632911
537	11	24750574	24750574	T	C	0	2	1
538	11	32610122	32610122	T	C	10	8	0.444444
539	11	44607047	44607047	A	G	0	2	1
540	11	47698955	47698955	T	A	57	5	0.0806452
541	11	55061287	55061287	T	A	26	7	0.212121
542	11	57971171	57971171	C	T	75	11	0.127907
543	11	58977223	58977223	C	T	50	6	0.107143
544	11	61735034	61735034	A	G	38	20	0.344828
545	11	61735059	61735059	A	C	36	20	0.357143
546	11	61735080	61735080	G	T	29	20	0.408163
547	11	65061764	65061764	G	A	47	36	0.433735
548	11	66034870	66034870	T	C	32	24	0.428571
549	11	67188552	67188552	G	A	0	2	1
550	11	67191318	67191318	G	T	89	4	0.0430108
551	11	67207354	67207354	G	A	29	18	0.382979
552	11	67766988	67766988	C	T	46	37	0.445783
553	11	70666925	70666925	G	T	0	2	1
554	11	71276657	71276657	A	G	356	22	0.0582011
555	11	76391502	76391502	C	T	0	2	1
556	11	77779638	77779638	T	C	15	9	0.375
557	11	102667700	102667700	G	T	8	3	0.272727
558	11	111164840	111164840	G	T	29	4	0.121212
559	11	114278800	114278800	T	A	20	4	0.166667
560	11	117708745	117708745	A	C	156	8	0.0487805
561	11	119183170	119183170	A	C	44	17	0.278689
562	11	119227235	119227235	T	G	35	2	0.0540541
563	11	123900524	123900524	G	C	134	11	0.0758621
564	11	124971182	124971182	A	T	29	23	0.442308
565	11	125324060	125324060	C	T	45	5	0.1
566	11	130058382	130058382	T	G	12	24	0.666667
567	11	130058385	130058385	T	G	23	1	0.0416667
568	12	6884651	6884651	A	C	98	64	0.395062
569	12	7343197	7343197	C	G	3	3	0.5
570	12	8048876	8048876	A	T	25	15	0.375
571	12	8048911	8048911	G	A	28	22	0.44
572	12	8048947	8048947	A	G	30	22	0.423077
573	12	8048970	8048970	A	G	21	17	0.447368
574	12	8072258	8072258	A	C	9	4	0.307692
575	12	8380119	8380119	G	T	498	279	0.359073
576	12	8384474	8384474	C	T	300	17	0.0536278
577	12	11081787	11081787	C	A	12	3	0.2
578	12	11506477	11506477	C	T	208	34	0.140496
579	12	42512938	42512938	T	A	15	14	0.482759
580	12	42512967	42512967	A	T	9	4	0.307692
581	12	44165889	44165889	G	A	0	2	1
582	12	49076144	49076144	C	A	0	2	1
583	12	49579290	49579290	A	T	41	16	0.280702
584	12	50348149	50348149	C	A	240	6	0.0243902
585	12	50399290	50399290	C	A	0	2	1
586	12	50475213	50475213	A	C	10	5	0.333333
587	12	56398295	56398295	T	G	114	0	0
588	12	64538890	64538890	T	C	38	5	0.116279
589	12	66849090	66849090	C	A	0	2	1
590	12	79982964	79982964	C	A	0	2	1
591	12	101682926	101682926	A	G	1	3	0.75
592	12	117465370	117465370	A	C	3	7	0.7
593	12	125587135	125587135	A	C	16	4	0.2
594	12	129360368	129360368	A	C	0	3	1
595	12	132414192	132414192	G	A	29	6	0.171429
596	13	28886401	28886401	A	G	0	2	1
597	13	32841510	32841510	C	A	86	4	0.0444444
598	13	47263370	47263370	T	G	39	5	0.113636
599	13	48669149	48669149	A	C	28	3	0.0967742
600	13	53775325	53775325	C	G	19	12	0.387097
601	13	72014528	72014528	A	T	9	4	0.307692
602	13	95953518	95953518	G	T	0	2	1
603	13	98628862	98628862	G	T	26	3	0.103448
604	13	103418411	103418411	C	A	0	2	1
605	13	108519491	108519491	C	T	90	6	0.0625
606	13	114321658	114321658	C	A	26	45	0.633803
607	13	114782905	114782905	A	C	4	9	0.692308
608	14	52230439	52230439	G	C	138	12	0.08
609	14	52230440	52230440	A	T	138	12	0.08
610	14	57270926	57270926	A	C	40	5	0.111111
611	14	58869434	58869434	C	A	63	4	0.0597015
612	14	60193762	60193762	G	A	195	155	0.442857
613	14	61190053	61190053	T	G	85	0	0
614	14	62229324	62229324	A	C	6	0	0
615	14	64908263	64908263	A	G	8	3	0.272727
616	14	77292737	77292737	T	G	18	3	0.142857
617	14	81362157	81362157	G	A	62	13	0.173333
618	14	89087294	89087294	A	G	40	6	0.130435
619	14	103396701	103396701	T	G	3	12	0.8
620	14	106845836	106845836	C	A	0	2	1
621	15	23608740	23608740	A	G	53	12	0.184615
622	15	35377036	35377036	C	T	73	20	0.215054
623	15	40327413	40327413	T	G	45	4	0.0816327
624	15	41862539	41862539	G	T	155	18	0.104046
625	15	41862540	41862540	T	G	154	18	0.104651
626	15	41865503	41865503	T	C	27	20	0.425532
627	15	59149612	59149612	C	A	1	4	0.8
628	15	66625815	66625815	C	T	69	8	0.103896
629	15	66779731	66779731	G	C	24	6	0.2
630	15	72876352	72876352	G	T	39	26	0.4
631	15	72877868	72877868	A	T	18	5	0.217391
632	15	74180947	74180947	T	C	73	9	0.109756
633	15	74180950	74180950	T	C	72	12	0.142857
634	15	75594718	75594718	C	A	0	2	1
635	15	78200697	78200697	A	G	15	65	0.8125
636	15	78200707	78200707	G	A	15	65	0.8125
637	15	79178583	79178583	G	T	30	3	0.0909091
638	15	81572116	81572116	G	T	116	8	0.0645161
639	15	85414199	85414199	C	T	56	23	0.291139
640	15	99477995	99477995	G	T	4	3	0.428571
641	16	421799	421799	G	A	50	24	0.324324
642	16	848494	848494	A	G	149	11	0.06875
643	16	1396835	1396835	T	G	80	9	0.101124
644	16	1396838	1396838	T	C	84	9	0.0967742
645	16	1396853	1396853	T	C	90	11	0.108911
646	16	1417551	1417551	A	C	18	11	0.37931
647	16	2561537	2561537	G	T	0	2	1
648	16	4405466	4405466	G	A	29	7	0.194444
649	16	4846130	4846130	T	G	27	8	0.228571
650	16	5134964	5134964	C	T	66	13	0.164557
651	16	5134982	5134982	G	A	62	13	0.173333
652	16	21147974	21147974	C	A	0	2	1
653	16	21985343	21985343	T	C	19	5	0.208333
654	16	29677847	29677847	A	T	280	10	0.0344828
655	16	30845872	30845872	C	A	0	2	1
656	16	31199610	31199610	G	T	80	7	0.0804598
657	16	31540215	31540215	G	T	0	2	1
658	16	46403625	46403625	T	C	25	3	0.107143
659	16	52690514	52690514	T	C	3	3	0.5
660	16	67577495	67577495	C	T	2	4	0.666667
661	16	67970188	67970188	G	C	108	12	0.1
662	16	69336957	69336957	G	A	2	3	0.6
663	16	72092889	72092889	T	C	14	3	0.176471
664	16	72819990	72819990	C	G	55	9	0.140625
665	16	74339866	74339866	C	A	9	17	0.653846
666	16	89973779	89973779	C	T	20	13	0.393939
667	17	613968	613968	A	C	3	4	0.571429
668	17	1183338	1183338	C	A	118	117	0.497872
669	17	4579322	4579322	C	A	134	6	0.0428571
670	17	5037133	5037133	T	C	154	26	0.144444
671	17	5037195	5037195	G	A	204	57	0.218391
672	17	5037241	5037241	G	A	199	16	0.0744186
673	17	6982313	6982313	C	A	0	2	1
674	17	7081971	7081971	G	T	0	2	1
675	17	7386217	7386217	T	C	175	44	0.200913
676	17	7416689	7416689	A	C	4	7	0.636364
677	17	7577539	7577539	G	A	38	28	0.424242
678	17	7662141	7662141	G	T	0	2	1
679	17	10366331	10366331	C	G	19	7	0.269231
680	17	10369710	10369710	T	G	9	11	0.55
681	17	15607947	15607947	C	T	207	57	0.215909
682	17	17968562	17968562	G	T	57	4	0.0655738
683	17	20135719	20135719	G	A	63	9	0.125
684	17	20450959	20450959	T	C	90	58	0.391892
685	17	25904714	25904714	G	T	73	4	0.0519481
686	17	26939292	26939292	C	G	50	37	0.425287
687	17	27893796	27893796	G	C	18	13	0.419355
688	17	29674055	29674055	C	A	80	6	0.0697674
689	17	33678122	33678122	C	T	0	2	1
690	17	39036792	39036792	C	A	0	2	1
691	17	39254054	39254054	A	T	270	24	0.0816327
692	17	39254140	39254140	C	T	111	12	0.097561
693	17	39412279	39412279	A	G	60	7	0.104478
694	17	39412301	39412301	T	C	58	7	0.107692
695	17	39412326	39412326	C	T	59	7	0.106061
696	17	39412344	39412344	T	C	62	7	0.101449
697	17	39464905	39464905	G	A	0	2	1
698	17	42466873	42466873	T	G	31	14	0.311111
699	17	58288540	58288540	G	A	62	18	0.225
700	17	58288545	58288545	A	G	61	18	0.227848
701	17	61682136	61682136	G	T	0	2	1
702	17	61682139	61682139	T	C	0	2	1
703	17	65528842	65528842	G	T	8	9	0.529412
704	17	68171632	68171632	C	A	33	3	0.0833333
705	17	74878427	74878427	A	C	22	7	0.241379
706	17	79517455	79517455	A	C	51	4	0.0727273
707	18	2587979	2587979	G	T	0	2	1
708	18	8069817	8069817	A	G	16	15	0.483871
709	18	12512354	12512354	G	C	4	3	0.428571
710	18	22058427	22058427	A	G	7	5	0.416667
711	18	29709471	29709471	A	G	23	9	0.28125
712	18	29709473	29709473	G	A	24	9	0.272727
713	18	29709508	29709508	T	A	32	9	0.219512
714	18	32447715	32447715	C	G	9	13	0.590909
715	18	43310880	43310880	C	T	0	2	1
716	18	43428879	43428879	T	C	3	6	0.666667
717	18	45157803	45157803	A	T	5	3	0.375
718	18	47363930	47363930	A	G	19	9	0.321429
719	18	47363931	47363931	G	C	18	9	0.333333
720	18	48607100	48607100	C	T	17	5	0.227273
721	18	61468345	61468345	G	A	0	2	1
722	18	71796619	71796619	G	T	0	2	1
723	19	536271	536271	A	C	52	3	0.0545455
724	19	1465764	1465764	A	C	78	0	0
725	19	3913874	3913874	A	C	19	0	0
726	19	4042122	4042122	C	T	0	2	1
727	19	4154944	4154944	C	T	207	6	0.028169
728	19	4331886	4331886	A	G	9	4	0.307692
729	19	4511464	4511464	G	C	115	14	0.108527
730	19	6190595	6190595	G	T	23	4	0.148148
731	19	6741539	6741539	C	A	0	2	1
732	19	7521342	7521342	T	C	54	8	0.129032
733	19	7521345	7521345	A	G	55	7	0.112903
734	19	7542041	7542041	G	A	137	13	0.0866667
735	19	7593661	7593661	A	T	165	9	0.0517241
736	19	7997459	7997459	T	G	12	4	0.25
737	19	8619540	8619540	C	G	525	12	0.0223464
738	19	8999383	8999383	A	G	105	9	0.0789474
739	19	8999386	8999386	A	G	111	8	0.0672269
740	19	8999429	8999429	G	T	185	11	0.0561224
741	19	8999438	8999438	A	T	201	11	0.0518868
742	19	8999449	8999449	G	T	209	11	0.05
743	19	8999478	8999478	T	C	201	11	0.0518868
744	19	9025568	9025568	G	A	36	12	0.25
745	19	9025584	9025584	T	G	40	20	0.333333
746	19	9025604	9025604	A	G	53	20	0.273973
747	19	10078159	10078159	T	A	44	6	0.12
748	19	12996381	12996381	C	A	141	24	0.145455
749	19	12996382	12996382	C	G	139	24	0.147239
750	19	14876685	14876685	C	T	226	24	0.096
751	19	15308124	15308124	C	T	13	3	0.1875
752	19	19699356	19699356	C	G	4	4	0.5
753	19	21300738	21300738	T	C	52	9	0.147541
754	19	21300739	21300739	C	T	58	5	0.0793651
755	19	21300774	21300774	G	A	48	5	0.0943396
756	19	21476249	21476249	T	C	56	5	0.0819672
757	19	23543884	23543884	C	T	74	7	0.0864198
758	19	37487874	37487874	G	T	0	2	1
759	19	38379787	38379787	C	T	47	5	0.0961538
760	19	38379799	38379799	A	C	53	5	0.0862069
761	19	41533212	41533212	C	T	84	84	0.5
762	19	41895839	41895839	C	T	29	13	0.309524
763	19	44418279	44418279	C	T	9	11	0.55
764	19	47548723	47548723	G	A	70	4	0.0540541
765	19	47549443	47549443	C	T	0	2	1
766	19	47774483	47774483	G	T	217	115	0.346386
767	19	48374470	48374470	G	A	19	6	0.24
768	19	49437033	49437033	G	T	151	137	0.475694
769	19	49541933	49541933	T	C	127	24	0.15894
770	19	49541957	49541957	T	C	103	24	0.188976
771	19	50312285	50312285	T	G	3	2	0.4
772	19	50397587	50397587	C	A	41	4	0.0888889
773	19	51856654	51856654	C	T	1	3	0.75
774	19	51856675	51856675	A	G	0	3	1
775	19	52888075	52888075	C	G	21	4	0.16
776	19	53364791	53364791	A	G	3	3	0.5
777	19	54177347	54177347	A	C	9	3	0.25
778	19	54848512	54848512	C	T	45	6	0.117647
779	19	55085532	55085532	C	T	354	13	0.0354223
780	19	55085589	55085589	T	C	338	19	0.0532213
781	19	55085611	55085611	C	A	318	19	0.0563798
782	19	55085616	55085616	C	T	332	19	0.0541311
783	19	55361950	55361950	G	T	175	11	0.0591398
784	19	55658692	55658692	G	C	35	10	0.222222
785	19	55658697	55658697	A	G	30	10	0.25
786	19	57671944	57671944	G	T	0	2	1
787	19	58361288	58361288	T	G	343	13	0.0365169
788	19	58581036	58581036	A	T	27	4	0.129032
789	19	58862835	58862835	T	G	22	5	0.185185
790	20	1514430	1514430	A	C	28	5	0.151515
791	20	1895755	1895755	T	G	32	4	0.111111
792	20	29628215	29628215	T	C	218	20	0.0840336
793	20	30422589	30422589	G	T	0	2	1
794	20	31387153	31387153	T	A	228	7	0.0297872
795	20	33594367	33594367	G	A	55	4	0.0677966
796	20	39803879	39803879	T	G	30	7	0.189189
797	20	47607574	47607574	C	A	44	4	0.0833333
798	20	52835436	52835436	T	C	0	2	1
799	20	57415846	57415846	G	A	126	7	0.0526316
800	20	61512384	61512384	T	G	59	3	0.0483871
801	20	62321799	62321799	G	A	87	58	0.4
802	21	41384633	41384633	G	T	44	4	0.0833333
803	21	42551363	42551363	A	G	2	18	0.9
804	21	42551364	42551364	C	G	2	18	0.9
805	21	47743598	47743598	C	A	97	4	0.039604
806	22	30976636	30976636	T	C	252	11	0.0418251
807	22	31740343	31740343	G	T	21	3	0.125
808	22	37455530	37455530	A	C	7	4	0.363636
809	22	38120006	38120006	T	C	379	17	0.0429293
810	22	38120453	38120453	G	A	448	19	0.0406852
811	22	38120552	38120552	T	C	337	22	0.0612813
812	22	38120554	38120554	A	G	353	14	0.0381471
813	22	38120563	38120563	T	C	347	14	0.0387812
814	22	38120596	38120596	T	A	280	29	0.0938511
815	22	38120597	38120597	A	G	302	17	0.0532915
816	22	38120604	38120604	A	G	288	14	0.0463576
817	22	38120626	38120626	G	A	307	28	0.0835821
818	22	38120647	38120647	A	G	288	15	0.049505
819	22	38120668	38120668	A	G	278	12	0.0413793
820	22	38120676	38120676	G	A	282	11	0.0375427
821	22	38120707	38120707	C	T	331	26	0.0728291
822	22	38120740	38120740	G	T	318	11	0.0334347
823	22	39127142	39127142	C	T	143	123	0.462406
824	22	44229619	44229619	G	A	71	76	0.517007
825	22	46668060	46668060	C	G	4	3	0.428571
826	22	48021529	48021529	C	A	0	2	1
827	22	48665677	48665677	C	T	0	2	1
828	22	50655644	50655644	T	G	68	3	0.0422535
829	22	50873230	50873230	T	C	13	6	0.315789
830	22	51153360	51153360	T	A	145	94	0.393305
831	22	51206252	51206252	G	T	67	6	0.0821918
832	X	10109673	10109673	A	C	10	1	0.0909091
833	X	19008447	19008447	A	C	3	3	0.5
834	X	23093824	23093824	C	T	20	190	0.904762
835	X	41203657	41203657	G	T	0	12	1
836	X	79932385	79932385	C	G	40	5	0.111111
837	X	79932387	79932387	C	G	39	5	0.113636
838	X	100350303	100350303	C	T	176	15	0.078534
839	X	102529421	102529421	G	C	26	5	0.16129
840	X	102529432	102529432	A	G	19	5	0.208333
841	X	102529434	102529434	T	A	13	5	0.277778
842	X	102841789	102841789	A	G	37	5	0.119048
843	X	103080521	103080521	C	T	32	5	0.135135
844	X	109561053	109561053	T	C	33	5	0.131579
845	X	132669744	132669744	C	T	2	10	0.833333
846	X	135960119	135960119	C	T	47	9	0.160714
847	X	150845271	150845271	T	G	0	3	1
848	X	150870152	150870152	C	A	0	2	1
849	X	153640522	153640522	A	C	153	6	0.0377358
850	X	154518317	154518317	A	C	0	2	1
851	Y	13266414	13266414	C	T	116	12	0.09375
852	GL000229.1	13224	13224	A	C	38	14	0.269231
853	GL000219.1	120520	120520	A	G	264	124	0.319588
854	GL000195.1	533	533	C	T	248	23	0.0848708
855	GL000195.1	538	538	C	G	267	26	0.0887372
856	GL000212.1	128359	128359	T	C	13	4	0.235294
857	1	16352933	16352933	T	-	89	0	0
858	1	16352941	16352945	ATGGA	-	100	0	0
859	1	74929048	74929049	-	TG	3	0	0
860	1	110838963	110838964	-	T	14	9	0.391304
861	1	182571342	182571342	T	-	17	0	0
862	1	228538359	228538360	TG	-	5	1	0.166667
863	2	27360856	27360857	-	A	10	1	0.0909091
864	3	15117043	15117044	GA	-	20	1	0.047619
865	3	138244284	138244285	-	TT	4	0	0
866	3	178935954	178935956	AAT	-	13	0	0
867	4	109790080	109790080	A	-	3	0	0
868	5	71491218	71491219	-	C	4	0	0
869	5	71491232	71491232	G	-	5	0	0
870	5	71491237	71491238	-	GGT	2	3	0.6
871	5	71491241	71491242	-	CCTGA	1	2	0.666667
872	7	5923577	5923578	AG	-	34	1	0.0285714
873	7	76023085	76023086	-	C	59	14	0.191781
874	8	82712247	82712247	T	-	16	0	0
875	11	5153211	5153211	T	-	34	0	0
876	11	5153214	5153217	GACA	-	36	0	0
877	11	125830233	125830233	G	-	4	0	0
878	11	125830235	125830235	C	-	4	0	0
879	12	31242161	31242161	T	-	182	0	0
880	12	53170700	53170701	-	ACCAT	76	0	0
881	12	53189426	53189431	GCCCCT	-	51	1	0.0192308
882	12	53189441	53189446	CCAGCC	-	60	1	0.0163934
883	14	99635790	99635790	T	-	12	0	0
884	15	75499293	75499294	CT	-	3	0	0
885	15	75499303	75499304	-	G	10	0	0
886	16	57398905	57398906	-	C	10	0	0
887	17	4575586	4575587	-	AAC	34	1	0.0285714
888	17	4575587	4575588	-	CAC	31	3	0.0882353
889	17	4575600	4575601	-	AAA	39	2	0.0487805
890	17	7093318	7093319	-	C	16	3	0.157895
891	19	1110720	1110721	-	G	33	0	0
892	19	38377443	38377444	-	A	8	0	0
893	19	44055917	44055918	AG	-	50	0	0
894	20	940778	940779	-	CA	7	1	0.125
895	X	1428562	1428563	CT	-	12	1	0.0769231
896	1	1961657	1961657	G	T	84	0	0
897	1	3392360	3392360	T	C	7	0	0
898	1	3418554	3418554	G	T	70	17	0.195402
899	1	6476098	6476098	G	A	58	3	0.0491803
900	1	12320683	12320683	T	G	17	1	0.0555556
901	1	16891333	16891333	C	T	692	22	0.0308123
902	1	16915725	16915725	T	A	30	4	0.117647
903	1	16957956	16957956	G	A	281	48	0.145897
904	1	26143816	26143816	T	C	14	3	0.176471
905	1	36933846	36933846	G	T	110	0	0
906	1	40776095	40776095	C	A	34	0	0
907	1	45472830	45472830	T	G	12	3	0.2
908	1	45472840	45472840	T	G	14	1	0.0666667
909	1	47280813	47280813	G	T	54	0	0
910	1	55622565	55622565	C	A	12	0	0
911	1	90493043	90493043	A	G	0	1	1
912	1	92729365	92729365	C	T	1	4	0.8
913	1	116379302	116379302	C	T	16	0	0
914	1	120478326	120478326	C	A	1	0	0
915	1	121485391	121485391	G	T	512	14	0.026616
916	1	143403689	143403689	T	C	3	3	0.5
917	1	145323614	145323614	A	G	714	19	0.0259209
918	1	145611158	145611158	G	A	1	0	0
919	1	150619988	150619988	T	G	9	0	0
920	1	152127282	152127282	T	C	117	6	0.0487805
921	1	154178196	154178196	T	G	17	0	0
922	1	155891883	155891883	T	C	1	2	0.666667
923	1	157043288	157043288	G	A	126	1	0.00787402
924	1	167871314	167871314	A	T	121	5	0.0396825
925	1	169510708	169510708	T	C	155	0	0
926	1	178754813	178754813	G	T	14	0	0
927	1	184659866	184659866	C	A	29	0	0
928	1	196715361	196715361	G	A	1	0	0
929	1	201013408	201013408	C	A	143	0	0
930	1	201178660	201178660	G	A	201	17	0.0779817
931	1	201180214	201180214	G	A	181	67	0.270161
932	1	202551870	202551870	A	G	6	11	0.647059
933	1	202551906	202551906	A	G	4	1	0.2
934	1	203683239	203683239	T	G	19	0	0
935	1	214819420	214819420	C	G	51	0	0
936	1	216363633	216363633	G	A	92	0	0
937	1	222435396	222435396	C	A	20	0	0
938	1	222840709	222840709	G	T	22	0	0
939	1	223808100	223808100	C	A	4	0	0
940	1	227143328	227143328	T	C	7	4	0.363636
941	1	228365290	228365290	C	A	15	4	0.210526
942	1	228538368	228538368	A	C	3	2	0.4
943	1	235294715	235294715	T	C	13	3	0.1875
944	1	235590594	235590594	G	T	14	0	0
945	1	235993753	235993753	G	A	65	0	0
946	1	240370947	240370947	G	A	318	11	0.0334347
947	1	248223855	248223855	G	T	7	0	0
948	2	11311940	11311940	T	C	13	2	0.133333
949	2	21230249	21230249	G	T	26	0	0
950	2	27804398	27804398	C	G	99	0	0
951	2	30865796	30865796	G	A	2	0	0
952	2	54952356	54952356	G	T	103	0	0
953	2	70088437	70088437	A	T	45	0	0
954	2	71778812	71778812	G	T	422	0	0
955	2	74005558	74005558	C	A	9	0	0
956	2	92032124	92032124	C	A	473	34	0.0670611
957	2	92032125	92032125	A	G	473	33	0.0652174
958	2	97808510	97808510	G	A	29	4	0.121212
959	2	97867870	97867870	G	C	20	8	0.285714
960	2	109124512	109124512	T	G	30	5	0.142857
961	2	109124522	109124522	A	C	31	5	0.138889
962	2	122168521	122168521	C	T	42	0	0
963	2	133020612	133020612	C	T	13	2	0.133333
964	2	173461016	173461016	T	A	29	0	0
965	2	176001236	176001236	C	A	30	0	0
966	2	198416461	198416461	A	T	47	0	0
967	2	209101926	209101926	T	G	22	0	0
968	2	220364519	220364519	G	A	8	5	0.384615
969	2	220462805	220462805	T	C	35	0	0
970	2	224832087	224832087	T	A	3	0	0
971	2	241661055	241661055	C	A	3	0	0
972	3	11901085	11901085	T	G	9	0	0
973	3	18390240	18390240	A	T	38	0	0
974	3	27363818	27363818	C	A	53	0	0
975	3	38640580	38640580	A	G	80	0	0
976	3	48626846	48626846	A	T	78	0	0
977	3	48720210	48720210	G	C	10	0	0
978	3	49721653	49721653	G	A	69	9	0.115385
979	3	52519722	52519722	G	T	38	1	0.025641
980	3	56702408	56702408	C	T	10	0	0
981	3	74312690	74312690	T	G	27	0	0
982	3	74419011	74419011	C	A	9	0	0
983	3	97852066	97852066	T	C	7	1	0.125
984	3	105588054	105588054	G	T	1	0	0
985	3	108335408	108335408	C	A	42	2	0.0454545
986	3	122628133	122628133	T	A	42	0	0
987	3	130871162	130871162	G	T	2	0	0
988	3	132075620	132075620	G	A	235	0	0
989	3	140123473	140123473	G	T	49	0	0
990	3	149051255	149051255	T	C	125	5	0.0384615
991	3	150421519	150421519	A	T	94	10	0.0961538
992	3	190024752	190024752	T	C	63	3	0.0454545
993	3	190024765	190024765	C	T	37	3	0.075
994	3	194134470	194134470	G	A	54	0	0
995	3	194134472	194134472	C	T	55	0	0
996	3	194406801	194406801	G	T	86	0	0
997	3	195508324	195508324	C	T	429	17	0.0381166
998	3	195512712	195512712	T	C	451	11	0.0238095
999	3	195543648	195543648	G	A	29	5	0.147059
1000	3	196529978	196529978	C	T	39	15	0.277778
1001	3	197765877	197765877	A	T	84	3	0.0344828
1002	4	1388471	1388471	C	T	306	17	0.0526316
1003	4	1388910	1388910	G	C	275	9	0.0316901
1004	4	1672972	1672972	A	G	17	7	0.291667
1005	4	1809125	1809125	T	C	88	0	0
1006	4	4190595	4190595	G	C	91	9	0.09
1007	4	5567226	5567226	A	C	0	1	1
1008	4	39453227	39453227	C	T	3	0	0
1009	4	46994985	46994985	C	A	52	7	0.118644
1010	4	46994987	46994987	G	C	51	7	0.12069
1011	4	49240023	49240023	C	T	17	3	0.15
1012	4	49240031	49240031	G	A	17	3	0.15
1013	4	52926907	52926907	T	C	16	2	0.111111
1014	4	71851811	71851811	A	G	30	0	0
1015	4	81210273	81210273	A	G	6	0	0
1016	4	83719800	83719800	C	A	138	0	0
1017	4	85570339	85570339	T	A	72	0	0
1018	4	88537126	88537126	C	T	18	2	0.1
1019	4	88537153	88537153	T	C	18	3	0.142857
1020	4	108935772	108935772	T	C	12	0	0
1021	4	114275548	114275548	A	C	37	5	0.119048
1022	4	139966773	139966773	G	C	3	2	0.4
1023	4	140395309	140395309	A	G	4	0	0
1024	4	140395312	140395312	T	C	3	1	0.25
1025	4	155491554	155491554	A	C	17	1	0.0555556
1026	4	159047430	159047430	G	T	26	0	0
1027	4	160280309	160280309	G	T	18	3	0.142857
1028	4	175225521	175225521	G	T	31	0	0
1029	4	177100765	177100765	T	A	59	0	0
1030	4	190653732	190653732	G	T	3	0	0
1031	5	256578	256578	T	C	88	6	0.0638298
1032	5	34818988	34818988	C	T	35	0	0
1033	5	34818990	34818990	T	C	34	0	0
1034	5	36688161	36688161	G	T	11	0	0
1035	5	40832626	40832626	C	A	13	0	0
1036	5	54579211	54579211	A	C	7	3	0.3
1037	5	58266612	58266612	G	T	7	0	0
1038	5	67593785	67593785	C	A	26	0	0
1039	5	68737595	68737595	C	T	16	0	0
1040	5	74807179	74807179	T	C	48	0	0
1041	5	78375349	78375349	G	T	17	0	0
1042	5	127714444	127714444	G	T	14	0	0
1043	5	131817762	131817762	G	T	6	0	0
1044	5	138773088	138773088	C	A	10	0	0
1045	5	138773089	138773089	T	A	10	0	0
1046	5	140755794	140755794	G	T	433	0	0
1047	5	141034981	141034981	G	A	203	0	0
1048	5	177987770	177987770	G	A	98	5	0.0485437
1049	6	26451425	26451425	C	T	2	0	0
1050	6	27279004	27279004	G	T	37	0	0
1051	6	29794942	29794942	T	C	2	0	0
1052	6	30917365	30917365	C	T	187	4	0.0209424
1053	6	30917560	30917560	A	G	223	5	0.0219298
1054	6	32522458	32522458	G	A	0	2	1
1055	6	32522473	32522473	C	G	1	2	0.666667
1056	6	32557419	32557419	C	G	96	6	0.0588235
1057	6	32557534	32557534	C	A	173	7	0.0388889
1058	6	32557574	32557574	G	A	112	5	0.042735
1059	6	32714164	32714164	T	C	52	3	0.0545455
1060	6	35054788	35054788	G	A	112	1	0.00884956
1061	6	38139662	38139662	T	A	2	2	0.5
1062	6	41166095	41166095	T	C	84	1	0.0117647
1063	6	41166098	41166098	G	A	83	1	0.0119048
1064	6	52963951	52963951	A	G	50	1	0.0196078
1065	6	58776809	58776809	A	G	44	0	0
1066	6	74227940	74227940	A	C	34	11	0.244444
1067	6	90331485	90331485	G	T	2	0	0
1068	6	117114029	117114029	A	C	29	0	0
1069	6	150210502	150210502	C	A	8	0	0
1070	6	151420591	151420591	T	C	97	3	0.03
1071	6	160131854	160131854	A	C	7	0	0
1072	6	160131900	160131900	G	A	10	0	0
1073	7	1588363	1588363	A	C	6	2	0.25
1074	7	2309175	2309175	A	G	47	1	0.0208333
1075	7	5111996	5111996	C	A	251	0	0
1076	7	15725797	15725797	A	G	42	1	0.0232558
1077	7	33192300	33192300	A	T	26	1	0.037037
1078	7	35120441	35120441	T	C	61	0	0
1079	7	56079042	56079042	C	G	2	1	0.333333
1080	7	63529955	63529955	C	T	34	0	0
1081	7	64168671	64168671	T	C	32	1	0.030303
1082	7	64168674	64168674	C	T	33	0	0
1083	7	64863705	64863705	A	G	55	3	0.0517241
1084	7	82784489	82784489	G	A	284	11	0.0372881
1085	7	99795228	99795228	G	T	10	2	0.166667
1086	7	99795240	99795240	A	T	10	1	0.0909091
1087	7	100349613	100349613	C	T	126	5	0.0381679
1088	7	100349636	100349636	C	T	165	2	0.011976
1089	7	100349835	100349835	A	C	49	9	0.155172
1090	7	100349838	100349838	A	G	46	8	0.148148
1091	7	100349962	100349962	C	T	88	1	0.011236
1092	7	100350413	100350413	C	T	88	4	0.0434783
1093	7	100350456	100350456	C	A	128	3	0.0229008
1094	7	116165026	116165026	C	G	184	0	0
1095	7	120604945	120604945	G	T	11	0	0
1096	7	124404677	124404677	G	C	258	0	0
1097	7	142471840	142471840	C	G	16	1	0.0588235
1098	7	142479004	142479004	A	C	36	4	0.1
1099	7	142479016	142479016	T	C	32	4	0.111111
1100	7	142479029	142479029	C	G	25	4	0.137931
1101	7	143056397	143056397	A	C	82	0	0
1102	7	158534707	158534707	T	A	1	0	0
1103	8	12040796	12040796	G	A	411	124	0.231776
1104	8	12040810	12040810	T	G	394	112	0.221344
1105	8	12973173	12973173	C	A	55	0	0
1106	8	25237941	25237941	T	G	24	0	0
1107	8	25267746	25267746	G	C	195	0	0
1108	8	80976902	80976902	C	A	13	1	0.0714286
1109	8	124526439	124526439	C	A	16	0	0
1110	8	134125650	134125650	C	T	28	1	0.0344828
1111	8	139142783	139142783	G	T	38	0	0
1112	8	146157257	146157257	A	G	25	0	0
1113	9	6257218	6257218	C	A	17	0	0
1114	9	18777702	18777702	A	T	200	0	0
1115	9	33796801	33796801	G	A	273	8	0.0284698
1116	9	33796845	33796845	T	G	190	8	0.040404
1117	9	37436634	37436634	T	C	15	0	0
1118	9	68413658	68413658	G	T	13	2	0.133333
1119	9	72349202	72349202	T	A	25	0	0
1120	9	88940234	88940234	A	C	14	0	0
1121	9	91150102	91150102	T	G	67	0	0
1122	9	96055176	96055176	G	A	163	0	0
1123	9	99885390	99885390	C	G	16	8	0.333333
1124	9	114688923	114688923	G	T	4	0	0
1125	9	139743477	139743477	G	A	20	1	0.047619
1126	9	139749418	139749418	T	G	87	1	0.0113636
1127	10	94430	94430	T	A	161	0	0
1128	10	7213022	7213022	C	A	61	0	0
1129	10	18808005	18808005	T	G	5	1	0.166667
1130	10	25889357	25889357	C	T	56	0	0
1131	10	26505594	26505594	A	C	36	0	0
1132	10	31650028	31650028	C	A	81	10	0.10989
1133	10	31650036	31650036	T	C	70	10	0.125
1134	10	42390326	42390326	A	G	25	2	0.0740741
1135	10	42390333	42390333	T	A	25	2	0.0740741
1136	10	42831134	42831134	C	T	32	18	0.36
1137	10	42833429	42833429	A	G	32	4	0.111111
1138	10	45551889	45551889	T	C	14	0	0
1139	10	51994040	51994040	G	C	20	0	0
1140	10	70139112	70139112	T	G	0	5	1
1141	10	81791667	81791667	C	T	3	1	0.25
1142	10	88469937	88469937	C	G	17	1	0.0555556
1143	10	98130124	98130124	T	G	10	0	0
1144	10	126185941	126185941	C	A	1	0	0
1145	11	1012265	1012265	G	T	142	0	0
1146	11	1028793	1028793	G	A	173	5	0.0280899
1147	11	1253867	1253867	T	C	164	28	0.145833
1148	11	1253869	1253869	C	T	173	33	0.160194
1149	11	1253976	1253976	A	G	279	56	0.167164
1150	11	1480502	1480502	A	C	53	4	0.0701754
1151	11	4843138	4843138	C	A	29	0	0
1152	11	33127805	33127805	T	A	3	3	0.5
1153	11	36485195	36485195	A	T	53	1	0.0185185
1154	11	36486223	36486223	G	T	17	0	0
1155	11	48510589	48510589	G	C	100	0	0
1156	11	63886079	63886079	C	T	122	4	0.031746
1157	11	65733537	65733537	C	T	123	0	0
1158	11	66456793	66456793	T	G	4	1	0.2
1159	11	75315299	75315299	C	A	38	0	0
1160	11	76956486	76956486	T	G	4	0	0
1161	11	93432606	93432606	C	A	17	0	0
1162	11	106810505	106810505	C	A	30	0	0
1163	11	108138109	108138109	T	G	4	0	0
1164	11	110030036	110030036	C	T	22	12	0.352941
1165	11	117789462	117789462	T	C	501	15	0.0290698
1166	11	117789465	117789465	G	C	482	15	0.0301811
1167	11	117789491	117789491	C	A	370	15	0.038961
1168	11	123595666	123595666	T	C	33	0	0
1169	12	1969208	1969208	G	T	29	0	0
1170	12	2927445	2927445	T	G	60	0	0
1171	12	2927446	2927446	G	T	57	0	0
1172	12	11083474	11083474	A	G	112	0	0
1173	12	15731868	15731868	A	T	19	0	0
1174	12	16125715	16125715	A	G	3	0	0
1175	12	31257865	31257865	C	T	129	35	0.213415
1176	12	42512749	42512749	G	T	11	0	0
1177	12	42512751	42512751	A	G	11	0	0
1178	12	42512755	42512755	T	A	12	0	0
1179	12	42512805	42512805	G	T	29	4	0.121212
1180	12	42512970	42512970	G	A	9	3	0.25
1181	12	42512971	42512971	T	C	9	3	0.25
1182	12	49445852	49445852	T	C	81	4	0.0470588
1183	12	53434573	53434573	T	C	5	1	0.166667
1184	12	57605082	57605082	G	T	69	0	0
1185	12	65462793	65462793	G	A	3	0	0
1186	12	110296435	110296435	G	T	58	0	0
1187	12	112036759	112036759	T	G	22	1	0.0434783
1188	12	125397667	125397667	G	A	68	1	0.0144928
1189	12	125397700	125397700	A	G	69	1	0.0142857
1190	12	125397703	125397703	A	C	67	1	0.0147059
1191	13	76195308	76195308	A	C	3	0	0
1192	13	103459829	103459829	C	T	33	0	0
1193	13	114514927	114514927	G	A	51	0	0
1194	13	115047468	115047468	G	T	64	35	0.353535
1195	13	115047496	115047496	G	C	65	36	0.356436
1196	14	20845541	20845541	C	A	137	0	0
1197	14	23866703	23866703	G	A	35	0	0
1198	14	31820065	31820065	C	G	1	0	0
1199	14	31916907	31916907	A	G	3	2	0.4
1200	14	53324310	53324310	C	A	18	0	0
1201	14	53525004	53525004	T	C	1	0	0
1202	14	54416601	54416601	C	T	50	1	0.0196078
1203	14	55203728	55203728	A	T	9	0	0
1204	14	70924602	70924602	T	G	92	17	0.155963
1205	14	78234778	78234778	T	A	44	8	0.153846
1206	14	91337502	91337502	T	A	62	0	0
1207	14	102029579	102029579	A	T	143	0	0
1208	14	105834454	105834454	G	A	391	0	0
1209	14	107109942	107109942	A	C	7	2	0.222222
1210	14	107109971	107109971	A	T	3	0	0
1211	15	28096585	28096585	C	A	353	1	0.00282486
1212	15	33765606	33765606	T	A	62	0	0
1213	15	51915194	51915194	G	A	2	0	0
1214	15	59981610	59981610	C	A	28	0	0
1215	15	74180941	74180941	C	T	81	6	0.0689655
1216	15	75189545	75189545	C	A	29	0	0
1217	15	76552076	76552076	G	A	291	13	0.0427632
1218	15	76552085	76552085	G	A	311	13	0.0401235
1219	15	76552132	76552132	T	C	379	13	0.0331633
1220	15	86697660	86697660	G	T	48	1	0.0204082
1221	16	332227	332227	A	T	118	0	0
1222	16	737780	737780	G	T	33	0	0
1223	16	3632657	3632657	C	A	109	0	0
1224	16	4659460	4659460	C	A	325	0	0
1225	16	12146177	12146177	T	G	21	0	0
1226	16	32442147	32442147	C	T	47	10	0.175439
1227	16	51175658	51175658	T	C	183	3	0.016129
1228	16	88496589	88496589	C	G	262	0	0
1229	17	2604348	2604348	G	T	20	0	0
1230	17	3524398	3524398	C	A	2	0	0
1231	17	3658294	3658294	G	A	10	16	0.615385
1232	17	4210224	4210224	T	C	2	0	0
1233	17	4210225	4210225	G	A	2	0	0
1234	17	7247087	7247087	T	G	83	8	0.0879121
1235	17	9531847	9531847	G	T	1	0	0
1236	17	10443177	10443177	C	T	8	0	0
1237	17	15603001	15603001	G	A	198	7	0.0341463
1238	17	15942816	15942816	T	C	40	0	0
1239	17	16842704	16842704	C	T	6	4	0.4
1240	17	17701829	17701829	T	G	13	0	0
1241	17	26522042	26522042	A	C	22	0	0
1242	17	27371862	27371862	G	T	34	0	0
1243	17	29674011	29674011	C	T	74	1	0.0133333
1244	17	36099476	36099476	C	A	91	0	0
1245	17	40271514	40271514	G	A	28	0	0
1246	17	45214682	45214682	A	G	22	7	0.241379
1247	17	45234327	45234327	C	T	43	3	0.0652174
1248	17	47005701	47005701	G	A	73	4	0.0519481
1249	17	56774108	56774108	T	G	21	4	0.16
1250	17	61687806	61687806	G	T	4	0	0
1251	17	62029022	62029022	T	C	104	4	0.037037
1252	17	73725241	73725241	A	C	5	0	0
1253	17	74017430	74017430	C	A	51	11	0.177419
1254	17	74017432	74017432	C	T	51	11	0.177419
1255	18	9887290	9887290	G	A	229	3	0.012931
1256	18	10471601	10471601	A	C	54	0	0
1257	18	32400807	32400807	C	T	37	0	0
1258	18	40848726	40848726	T	A	26	0	0
1259	18	43430142	43430142	C	A	14	0	0
1260	18	47363917	47363917	A	G	16	6	0.272727
1261	18	47802914	47802914	C	A	18	0	0
1262	18	48605007	48605007	A	T	36	0	0
1263	18	50936799	50936799	G	T	5	0	0
1264	19	1061715	1061715	G	A	34	27	0.442623
1265	19	1440068	1440068	G	C	78	57	0.422222
1266	19	8999381	8999381	C	A	106	4	0.0363636
1267	19	8999446	8999446	T	C	211	8	0.0365297
1268	19	8999474	8999474	T	C	206	8	0.0373832
1269	19	17531620	17531620	G	A	13	0	0
1270	19	18958795	18958795	G	T	1	0	0
1271	19	22155834	22155834	T	C	35	2	0.0540541
1272	19	23040471	23040471	G	A	47	2	0.0408163
1273	19	23836540	23836540	T	C	61	1	0.016129
1274	19	36224005	36224005	A	C	54	4	0.0689655
1275	19	42596244	42596244	C	A	76	36	0.321429
1276	19	43908322	43908322	T	A	19	0	0
1277	19	44977038	44977038	C	A	6	1	0.142857
1278	19	45656693	45656693	C	G	247	0	0
1279	19	47259734	47259734	G	C	62	14	0.184211
1280	19	47425591	47425591	G	A	46	3	0.0612245
1281	19	49971910	49971910	T	G	20	3	0.130435
1282	19	54966553	54966553	G	A	199	0	0
1283	19	55748251	55748251	G	T	93	0	0
1284	19	56042706	56042706	G	A	93	58	0.384106
1285	19	58385832	58385832	A	G	16	0	0
1286	20	2641253	2641253	C	A	53	0	0
1287	20	19870176	19870176	C	A	88	0	0
1288	20	19870177	19870177	T	C	87	0	0
1289	20	21143695	21143695	C	T	62	0	0
1290	20	30252909	30252909	C	A	268	0	0
1291	20	30414616	30414616	C	A	103	0	0
1292	20	30734676	30734676	G	T	20	0	0
1293	20	31479897	31479897	A	C	6	0	0
1294	20	44697123	44697123	C	A	32	0	0
1295	21	37666029	37666029	T	C	52	7	0.118644
1296	21	42648207	42648207	T	C	44	1	0.0222222
1297	21	45547752	45547752	G	A	3	1	0.25
1298	22	24455920	24455920	G	T	5	0	0
1299	22	26868770	26868770	G	T	43	0	0
1300	22	28194933	28194933	T	C	78	11	0.123596
1301	22	38120698	38120698	A	G	335	7	0.0204678
1302	22	38120740	38120740	G	A	318	8	0.0245399
1303	22	40161236	40161236	G	T	36	0	0
1304	22	42393815	42393815	T	G	23	0	0
1305	22	44237587	44237587	C	A	14	0	0
1306	22	50927308	50927308	G	T	10	3	0.230769
1307	22	50927342	50927342	A	G	28	6	0.176471
1308	X	301436	301436	A	T	51	5	0.0892857
1309	X	2942026	2942026	A	C	46	0	0
1310	X	3241546	3241546	T	G	27	0	0
1311	X	24807060	24807060	T	C	64	7	0.0985915
1312	X	47663856	47663856	A	G	72	0	0
1313	X	73047794	73047794	G	A	15	0	0
1314	X	73062755	73062755	G	T	16	0	0
1315	X	100496745	100496745	A	C	107	1	0.00925926
1316	X	102345268	102345268	G	A	48	1	0.0204082
1317	X	102841814	102841814	G	C	40	7	0.148936
1318	X	103031587	103031587	G	A	77	1	0.0128205
1319	Y	13266433	13266433	T	C	144	6	0.04
1320	GL000229.1	13351	13351	C	T	133	24	0.152866
1321	GL000220.1	128486	128486	T	C	92	2	0.0212766
1322	GL000212.1	6323	6323	T	C	146	5	0.0331126
1323	GL000225.1	133736	133736	A	T	10	0	0
1324	1	86210419	86210423	AGGAT	-	38	0	0
1325	3	195426167	195426167	A	-	1	0	0
1326	6	31556178	31556182	AGGGA	-	9	8	0.470588
1327	6	58778432	58778451	AAAAGGGAATATCTTTCCAT	-	81	0	0
1328	19	1085548	1085548	A	-	6	0	0
1329	19	1085550	1085551	-	CA	6	0	0
1330	1	12940116	12940116	A	G	4	0	0
1331	1	14109424	14109424	T	C	32	3	0.0857143
1332	1	17021073	17021073	T	G	2	0	0
1333	1	17025369	17025369	T	G	6	0	0
1334	1	24393765	24393765	T	C	4	0	0
1335	1	121484796	121484796	T	A	352	8	0.0222222
1336	1	121485132	121485132	G	C	1651	25	0.0149165
1337	1	142803302	142803302	C	A	21	17	0.447368
1338	1	148853878	148853878	C	G	1506	205	0.119813
1339	1	152975682	152975682	T	A	57	0	0
1340	1	153601153	153601153	A	G	15	2	0.117647
1341	1	153662617	153662617	T	A	4	0	0
1342	1	160341692	160341692	C	A	142	5	0.0340136
1343	1	166838513	166838513	T	A	8	0	0
1344	1	178447287	178447287	G	T	61	2	0.031746
1345	1	200572491	200572491	T	A	27	0	0
1346	1	206331351	206331351	C	T	39	0	0
1347	1	245432515	245432515	C	G	2	0	0
1348	2	29024313	29024313	A	T	9	0	0
1349	2	54014277	54014277	T	A	23	0	0
1350	2	91797461	91797461	G	A	2	0	0
1351	2	99172054	99172054	C	T	206	0	0
1352	2	133020226	133020226	C	T	132	7	0.0503597
1353	2	171974383	171974383	A	T	20	0	0
1354	2	179442033	179442033	G	A	46	0	0
1355	2	228475334	228475334	G	T	13	0	0
1356	2	241782086	241782086	T	C	1	0	0
1357	3	14106037	14106037	T	A	18	3	0.142857
1358	3	32567573	32567573	G	A	23	1	0.0416667
1359	3	111565208	111565208	C	A	0	1	1
1360	3	153958307	153958307	C	A	61	0	0
1361	4	15562001	15562001	G	A	3	0	0
1362	4	25780794	25780794	G	A	48	0	0
1363	4	134071395	134071395	G	A	30	0	0
1364	4	134073514	134073514	G	A	124	0	0
1365	4	139979557	139979557	G	A	4	0	0
1366	4	141484371	141484371	G	A	60	3	0.047619
1367	4	151161067	151161067	A	G	18	0	0
1368	4	151161069	151161069	G	A	17	0	0
1369	5	137891047	137891047	T	A	28	1	0.0344828
1370	5	148207662	148207662	C	G	15	1	0.0625
1371	6	18139973	18139973	A	T	17	8	0.32
1372	6	27778112	27778112	C	G	18	0	0
1373	6	32049377	32049377	G	A	108	0	0
1374	6	41704359	41704359	C	A	2	0	0
1375	6	58778442	58778442	A	G	33	1	0.0294118
1376	6	58778766	58778766	T	A	43	1	0.0227273
1377	6	58779037	58779037	A	G	52	0	0
1378	6	58779085	58779085	A	T	35	0	0
1379	6	99848047	99848047	A	G	3	0	0
1380	7	61969240	61969240	A	C	292	7	0.0234114
1381	7	61970390	61970390	A	G	258	3	0.0114943
1382	7	108213938	108213938	G	T	21	0	0
1383	7	132248788	132248788	T	C	1	0	0
1384	7	142470434	142470434	G	C	174	5	0.027933
1385	7	149491160	149491160	T	C	2	0	0
1386	8	10467571	10467571	C	T	195	2	0.0101523
1387	9	68414371	68414371	C	T	5	0	0
1388	9	100616926	100616926	G	A	12	0	0
1389	9	131020815	131020815	C	A	74	3	0.038961
1390	10	463820	463820	A	G	12	1	0.0769231
1391	10	463838	463838	T	G	12	2	0.142857
1392	10	42385559	42385559	C	A	161	0	0
1393	10	42599561	42599561	G	T	81	1	0.0121951
1394	10	107547708	107547708	C	T	0	2	1
1395	10	107547711	107547711	C	T	0	2	1
1396	11	67815327	67815327	G	A	519	0	0
1397	11	117299009	117299009	G	A	137	0	0
1398	12	31246377	31246377	C	T	143	2	0.0137931
1399	12	50746270	50746270	C	G	721	3	0.00414365
1400	12	50746315	50746315	T	G	652	1	0.00153139
1401	12	50746922	50746922	T	G	635	5	0.0078125
1402	12	50747250	50747250	A	G	473	3	0.00630252
1403	12	76461257	76461257	T	A	36	2	0.0526316
1404	12	109519432	109519432	A	G	1	1	0.5
1405	12	110719064	110719064	G	A	1	0	0
1406	12	129298835	129298835	C	G	81	0	0
1407	12	131490236	131490236	C	T	3	1	0.25
1408	14	106166173	106166173	T	A	4	0	0
1409	15	25932792	25932792	T	A	14	0	0
1410	15	42637903	42637903	G	T	41	0	0
1411	15	69125879	69125879	T	C	17	1	0.0555556
1412	15	74703234	74703234	G	A	330	0	0
1413	15	78189539	78189539	T	A	96	11	0.102804
1414	16	597251	597251	A	G	137	0	0
1415	16	7703813	7703813	G	A	236	0	0
1416	16	20442403	20442403	C	A	24	0	0
1417	16	33537263	33537263	T	C	108	2	0.0181818
1418	16	33940089	33940089	G	C	23	0	0
1419	16	46391529	46391529	C	T	18	0	0
1420	16	46391918	46391918	G	T	27	0	0
1421	16	66757504	66757504	A	T	32	0	0
1422	17	10101644	10101644	G	A	70	0	0
1423	17	21229101	21229101	G	A	5	0	0
1424	17	41400527	41400527	C	T	2	2	0.5
1425	17	52830477	52830477	G	A	1	0	0
1426	17	58422802	58422802	G	A	7	0	0
1427	17	58733834	58733834	G	A	4	0	0
1428	17	78937926	78937926	G	T	5	3	0.375
1429	18	28991450	28991450	T	C	2	1	0.333333
1430	18	72672923	72672923	A	G	2	0	0
1431	18	74570674	74570674	C	G	9	0	0
1432	19	27732100	27732100	G	T	280	5	0.0175439
1433	19	39058327	39058327	G	A	3	0	0
1434	19	44011915	44011915	T	C	1	0	0
1435	19	50086736	50086736	T	C	52	0	0
1436	19	55587668	55587668	C	T	69	0	0
1437	20	18469615	18469615	G	A	16	1	0.0588235
1438	20	34302293	34302293	C	T	38	0	0
1439	20	46283606	46283606	G	A	35	4	0.102564
1440	20	46283608	46283608	A	G	31	6	0.162162
1441	20	46283610	46283610	G	A	37	0	0
1442	20	52557956	52557956	T	C	2	0	0
1443	21	9847066	9847066	T	G	1	0	0
1444	21	11076966	11076966	C	A	1	0	0
1445	21	11078175	11078175	G	A	2	0	0
1446	22	22735512	22735512	G	C	13	1	0.0714286
1447	22	22735538	22735538	C	T	10	1	0.0909091
1448	22	22735583	22735583	C	T	5	0	0
1449	22	22735684	22735684	C	T	6	0	0
1450	22	22735691	22735691	G	T	6	0	0
1451	22	22735704	22735704	G	A	3	0	0
1452	X	8735209	8735209	A	G	7	0	0
1453	X	64772162	64772162	G	A	131	0	0
1454	X	71804232	71804232	C	T	11	0	0
1455	X	100612426	100612426	T	A	16	3	0.157895
1456	X	115005080	115005080	G	T	20	3	0.130435
1457	X	120002548	120002548	C	T	30	27	0.473684
1458	GL000234.1	3169	3169	G	A	19	0	0
1459	GL000232.1	14410	14410	G	A	3	0	0
1460	GL000241.1	23147	23147	T	C	2	0	0
1461	GL000241.1	36985	36985	T	C	11	0	0
1462	GL000241.1	37016	37016	C	G	4	0	0
1463	GL000214.1	134980	134980	C	A	5	0	0
1464	GL000214.1	134993	134993	G	A	4	1	0.2
1465	GL000220.1	131268	131268	C	T	107	2	0.0183486
1466	GL000220.1	146026	146026	C	T	7	0	0
1467	GL000224.1	2468	2468	G	T	4	0	0
1468	GL000224.1	2469	2469	G	T	4	0	0
1469	GL000224.1	2471	2471	G	T	3	0	0
1470	GL000224.1	54992	54992	G	A	16	3	0.157895
1471	GL000225.1	133740	133740	G	T	7	5	0.416667
1472	6	160132148	160132149	-	A	4	0	0
1473	6	160132152	160132153	TT	-	4	0	0
1474	8	59477362	59477367	TAATAC	-	1	0	0
1475	9	84202839	84202840	-	TGTCATCCCGCC	3	4	0.571429
1476	11	31825557	31825561	CTCTC	-	2	0	0
1477	18	45366028	45366053	ACCTTCAAAATGTTATGAACTGTAGA	-	42	3	0.0666667
1478	1	1372909	1372909	G	A	11	0	0
1479	1	2451789	2451789	C	G	109	4	0.0353982
1480	1	6652284	6652284	C	A	56	2	0.0344828
1481	1	16936526	16936526	A	T	3	0	0
1482	1	17031426	17031426	C	T	6	0	0
1483	1	21810586	21810586	C	T	2	0	0
1484	1	21810587	21810587	A	G	2	0	0
1485	1	21930065	21930065	A	G	1	0	0
1486	1	28086291	28086291	T	G	1	0	0
1487	1	44370444	44370444	C	G	1	0	0
1488	1	57340475	57340475	A	T	0	1	1
1489	1	78267088	78267088	G	A	72	0	0
1490	1	85624672	85624672	G	T	22	1	0.0434783
1491	1	85624673	85624673	G	T	22	1	0.0434783
1492	1	92975006	92975006	G	T	12	0	0
1493	1	95290494	95290494	T	C	1	0	0
1494	1	109856844	109856844	G	T	19	0	0
1495	1	118170487	118170487	C	T	30	2	0.0625
1496	1	152084574	152084574	G	C	237	0	0
1497	1	153907306	153907306	T	C	203	23	0.10177
1498	1	158325571	158325571	G	T	40	0	0
1499	1	172348156	172348156	A	T	19	0	0
1500	1	176671914	176671914	A	T	26	7	0.212121
1501	1	182909368	182909368	A	C	1	0	0
1502	1	197168626	197168626	C	T	47	1	0.0208333
1503	1	205241718	205241718	G	A	69	0	0
1504	1	206566861	206566861	A	T	20	5	0.2
1505	1	226253645	226253645	A	C	2	0	0
1506	1	227144592	227144592	T	C	6	1	0.142857
1507	1	227213953	227213953	C	A	15	0	0
1508	1	227621562	227621562	C	G	1	3	0.75
1509	1	229768187	229768187	G	T	18	3	0.142857
1510	2	2299461	2299461	G	C	1	0	0
1511	2	11053508	11053508	G	A	167	1	0.00595238
1512	2	26205252	26205252	C	A	89	0	0
1513	2	27324303	27324303	C	T	165	0	0
1514	2	38295164	38295164	A	G	17	0	0
1515	2	61450078	61450078	C	A	5	0	0
1516	2	74900620	74900620	T	A	244	2	0.00813008
1517	2	83738306	83738306	C	A	1	0	0
1518	2	92319874	92319874	C	A	24	1	0.04
1519	2	133014975	133014975	C	T	17	0	0
1520	2	133019968	133019968	C	T	84	8	0.0869565
1521	2	163070514	163070514	G	T	59	0	0
1522	2	165404086	165404086	A	C	3	3	0.5
1523	2	204822670	204822670	A	T	19	0	0
1524	2	209100987	209100987	A	T	42	0	0
1525	2	215013777	215013777	G	A	1	0	0
1526	2	231191869	231191869	A	T	49	2	0.0392157
1527	2	232337733	232337733	G	A	3	0	0
1528	2	234845892	234845892	G	T	2	0	0
1529	2	239359705	239359705	C	A	144	8	0.0526316
1530	2	239359706	239359706	G	C	138	4	0.028169
1531	3	8667481	8667481	T	A	0	1	1
1532	3	27355557	27355557	C	A	1	0	0
1533	3	42727484	42727484	A	T	180	0	0
1534	3	43122913	43122913	G	A	145	0	0
1535	3	44761797	44761797	A	C	35	1	0.0277778
1536	3	45046842	45046842	A	G	68	0	0
1537	3	48454397	48454397	A	T	48	0	0
1538	3	58120291	58120291	G	T	10	0	0
1539	3	62570922	62570922	G	T	29	0	0
1540	3	122141711	122141711	G	A	2	0	0
1541	3	122277231	122277231	G	A	69	0	0
1542	3	122277232	122277232	A	T	69	0	0
1543	3	182603753	182603753	C	A	81	0	0
1544	3	183703213	183703213	C	T	63	1	0.015625
1545	3	184646241	184646241	C	T	46	0	0
1546	3	197237759	197237759	T	C	66	2	0.0294118
1547	4	871653	871653	G	A	69	0	0
1548	4	1388923	1388923	T	C	218	24	0.0991736
1549	4	2321979	2321979	C	G	195	1	0.00510204
1550	4	7726744	7726744	G	T	3	0	0
1551	4	36214061	36214061	C	A	34	0	0
1552	4	68534319	68534319	C	A	27	0	0
1553	4	70116688	70116688	T	A	27	0	0
1554	4	77701338	77701338	C	A	55	0	0
1555	4	88537349	88537349	A	G	20	1	0.047619
1556	4	141600765	141600765	T	A	13	3	0.1875
1557	4	186085391	186085391	G	T	2	0	0
1558	5	1540082	1540082	A	G	15	1	0.0625
1559	5	1781561	1781561	T	C	6	0	0
1560	5	45262335	45262335	G	A	105	1	0.00943396
1561	5	56224836	56224836	T	A	2	0	0
1562	5	67588247	67588247	C	T	4	2	0.333333
1563	5	71403182	71403182	C	A	187	1	0.00531915
1564	5	82271743	82271743	C	T	1	0	0
1565	5	171762459	171762459	T	A	24	1	0.04
1566	6	7250032	7250032	A	T	4	0	0
1567	6	11714508	11714508	C	A	37	0	0
1568	6	27115012	27115012	C	A	69	0	0
1569	6	27115060	27115060	C	T	94	1	0.0105263
1570	6	31713081	31713081	G	A	75	0	0
1571	6	43469818	43469818	T	A	0	1	1
1572	6	57482667	57482667	C	T	2	0	0
1573	6	58776645	58776645	A	C	45	0	0
1574	6	58777555	58777555	T	G	62	0	0
1575	6	58777571	58777571	C	T	47	0	0
1576	6	58777816	58777816	G	A	49	1	0.02
1577	6	58778489	58778489	G	C	59	2	0.0327869
1578	6	58778710	58778710	T	C	72	1	0.0136986
1579	6	58779125	58779125	C	A	64	3	0.0447761
1580	6	80412582	80412582	G	A	15	0	0
1581	6	80412583	80412583	A	T	15	0	0
1582	6	102130377	102130377	A	G	12	1	0.0769231
1583	6	116758569	116758569	A	T	22	0	0
1584	6	132269784	132269784	C	T	3	0	0
1585	6	147588229	147588229	G	T	7	0	0
1586	6	160132106	160132106	C	T	2	1	0.333333
1587	6	160132831	160132831	T	C	2	0	0
1588	6	160132962	160132962	C	T	1	0	0
1589	6	160553211	160553211	A	G	38	1	0.025641
1590	6	160639986	160639986	A	G	2	0	0
1591	7	15666328	15666328	G	T	9	0	0
1592	7	23350419	23350419	A	T	26	1	0.037037
1593	7	28865011	28865011	G	A	17	0	0
1594	7	61968966	61968966	A	C	332	8	0.0235294
1595	7	61969489	61969489	T	A	269	3	0.0110294
1596	7	80006913	80006913	C	A	2	0	0
1597	7	102792236	102792236	G	A	1	0	0
1598	7	103123410	103123410	C	A	77	0	0
1599	7	114270000	114270000	G	A	4	0	0
1600	7	123092525	123092525	A	C	3	10	0.769231
1601	7	123180946	123180946	A	G	1	2	0.666667
1602	7	128451949	128451949	G	T	41	1	0.0238095
1603	7	142462196	142462196	A	G	3	2	0.4
1604	7	149563043	149563043	A	C	29	0	0
1605	7	152055780	152055780	T	A	58	6	0.09375
1606	7	158200072	158200072	T	C	43	2	0.0444444
1607	8	20028738	20028738	C	A	17	0	0
1608	8	22005113	22005113	A	T	235	3	0.012605
1609	8	27845165	27845165	G	T	84	3	0.0344828
1610	8	39613281	39613281	C	A	16	0	0
1611	8	42025299	42025299	A	T	76	0	0
1612	8	42025300	42025300	G	T	77	0	0
1613	8	94800294	94800294	T	C	2	0	0
1614	8	95507237	95507237	A	T	6	0	0
1615	8	125564482	125564482	G	T	22	2	0.0833333
1616	8	128750385	128750385	G	A	6	5	0.454545
1617	8	142507389	142507389	C	T	2	0	0
1618	9	30689575	30689575	G	T	84	1	0.0117647
1619	9	30689577	30689577	A	G	78	1	0.0126582
1620	9	30689586	30689586	T	C	79	0	0
1621	9	32785056	32785056	G	A	40	2	0.047619
1622	9	68405068	68405068	C	G	3	0	0
1623	9	68413562	68413562	C	A	8	0	0
1624	9	128230401	128230401	G	A	30	1	0.0322581
1625	9	132838842	132838842	G	T	39	2	0.0487805
1626	9	137336599	137336599	A	C	1	0	0
1627	9	139946905	139946905	C	A	14	2	0.125
1628	10	1281601	1281601	T	C	1	0	0
1629	10	38897861	38897861	A	G	170	0	0
1630	10	42385273	42385273	G	A	367	12	0.0316623
1631	10	42392341	42392341	A	T	22	0	0
1632	10	42396414	42396414	C	T	21	0	0
1633	10	42528000	42528000	T	A	61	2	0.031746
1634	10	54076286	54076286	T	A	16	0	0
1635	10	90034490	90034490	C	A	1	0	0
1636	10	97976525	97976525	T	A	19	0	0
1637	10	131638736	131638736	G	A	7	0	0
1638	10	131822586	131822586	A	G	9	0	0
1639	11	502416	502416	G	A	4	0	0
1640	11	27518649	27518649	T	A	24	0	0
1641	11	60620543	60620543	G	T	4	0	0
1642	11	64877030	64877030	G	T	5	5	0.5
1643	11	67267059	67267059	T	C	2	0	0
1644	11	68844714	68844714	C	T	18	0	0
1645	11	95825374	95825374	T	C	6	1	0.142857
1646	11	100849757	100849757	A	T	33	1	0.0294118
1647	11	101827280	101827280	A	G	0	1	1
1648	11	124144186	124144186	C	T	2	0	0
1649	11	134054709	134054709	C	T	26	0	0
1650	12	9574020	9574020	T	C	94	17	0.153153
1651	12	10962093	10962093	G	T	35	0	0
1652	12	15800160	15800160	C	G	14	2	0.125
1653	12	21204964	21204964	T	A	4	1	0.2
1654	12	25148368	25148368	C	T	0	1	1
1655	12	32877987	32877987	A	T	4	0	0
1656	12	81503456	81503456	C	A	33	4	0.108108
1657	12	89746245	89746245	C	T	2	0	0
1658	12	93864394	93864394	C	A	1	0	0
1659	12	96230915	96230915	T	G	1	0	0
1660	12	108735855	108735855	T	G	1	0	0
1661	12	121138263	121138263	A	T	45	1	0.0217391
1662	12	124114953	124114953	C	A	155	5	0.03125
1663	12	124114954	124114954	A	C	157	5	0.0308642
1664	12	124392731	124392731	T	C	4	0	0
1665	12	132547090	132547090	A	G	12	0	0
1666	12	132941667	132941667	C	T	6	5	0.454545
1667	12	133430101	133430101	G	A	136	0	0
1668	13	64406967	64406967	A	T	32	0	0
1669	14	20712098	20712098	T	A	0	1	1
1670	14	22133830	22133830	C	G	31	2	0.0606061
1671	14	50750752	50750752	C	A	43	3	0.0652174
1672	14	53331677	53331677	C	A	1	0	0
1673	14	74711701	74711701	G	C	1	0	0
1674	14	96730177	96730177	T	A	80	0	0
1675	15	25414273	25414273	G	T	31	0	0
1676	15	28412874	28412874	C	T	223	2	0.00888889
1677	15	40428577	40428577	G	A	9	0	0
1678	15	41364208	41364208	G	A	50	0	0
1679	15	44166525	44166525	T	G	73	4	0.0519481
1680	15	49663471	49663471	A	T	22	11	0.333333
1681	15	52602053	52602053	G	A	31	1	0.03125
1682	15	72074041	72074041	T	G	2	0	0
1683	15	100340061	100340061	C	T	113	3	0.0258621
1684	16	2522776	2522776	G	C	120	5	0.04
1685	16	2819139	2819139	C	T	1	0	0
1686	16	46390886	46390886	G	T	3	0	0
1687	16	46395190	46395190	A	T	10	0	0
1688	16	46401863	46401863	T	C	9	1	0.1
1689	16	46403648	46403648	T	G	36	2	0.0526316
1690	16	58585191	58585191	T	A	20	0	0
1691	16	67575433	67575433	A	C	53	2	0.0363636
1692	16	72312447	72312447	C	A	9	0	0
1693	16	90141288	90141288	T	A	25	2	0.0740741
1694	17	4098255	4098255	G	T	43	0	0
1695	17	20254267	20254267	T	G	28	1	0.0344828
1696	17	27283590	27283590	G	A	30	0	0
1697	17	27838076	27838076	C	G	5	2	0.285714
1698	17	45774007	45774007	G	A	58	0	0
1699	17	47780710	47780710	G	A	20	8	0.285714
1700	17	49362562	49362562	T	A	9	6	0.4
1701	17	64795308	64795308	G	A	2	0	0
1702	18	14253390	14253390	C	A	0	1	1
1703	18	19998894	19998894	C	A	14	0	0
1704	18	20798456	20798456	C	G	4	1	0.2
1705	18	43422411	43422411	A	T	37	2	0.0512821
1706	19	384955	384955	G	A	4	0	0
1707	19	9085400	9085400	T	C	22	0	0
1708	19	36773182	36773182	C	T	6	0	0
1709	19	37063218	37063218	C	A	20	2	0.0909091
1710	19	45850096	45850096	C	T	8	2	0.2
1711	20	18470099	18470099	T	C	28	0	0
1712	20	33345744	33345744	C	T	43	0	0
1713	20	33874186	33874186	G	A	1	0	0
1714	20	43343547	43343547	A	T	0	1	1
1715	20	44526978	44526978	T	C	14	1	0.0666667
1716	20	48447939	48447939	A	T	3	0	0
1717	20	53208202	53208202	G	T	21	0	0
1718	20	61920308	61920308	G	T	302	0	0
1719	21	11058340	11058340	A	C	35	1	0.0277778
1720	21	11078045	11078045	G	A	2	0	0
1721	21	11078047	11078047	C	A	2	0	0
1722	21	11079765	11079765	A	G	0	1	1
1723	21	14469805	14469805	A	T	7	2	0.222222
1724	21	33374648	33374648	C	A	10	0	0
1725	21	46392940	46392940	A	G	1	1	0.5
1726	22	28194936	28194936	C	T	87	3	0.0333333
1727	22	43465921	43465921	C	A	1	0	0
1728	X	35993659	35993659	C	A	2	0	0
1729	X	49369579	49369579	A	T	10	0	0
1730	X	112035309	112035309	T	G	4	1	0.2
1731	X	152774521	152774521	G	C	124	3	0.023622
1732	Y	59014004	59014004	C	T	2	0	0
1733	Y	59014024	59014024	A	G	4	0	0
1734	GL000231.1	19527	19527	C	T	4	0	0
1735	GL000234.1	11615	11615	C	A	1	0	0
1736	GL000234.1	11616	11616	C	G	1	0	0
1737	GL000234.1	20279	20279	T	C	1	0	0
1738	GL000232.1	4016	4016	C	T	0	1	1
1739	GL000232.1	4061	4061	G	C	0	1	1
1740	GL000232.1	4228	4228	C	T	2	1	0.333333
1741	GL000232.1	33253	33253	C	T	3	0	0
1742	GL000232.1	33264	33264	T	C	3	1	0.25
1743	GL000241.1	11657	11657	C	A	2	0	0
1744	GL000241.1	12032	12032	C	T	1	0	0
1745	GL000198.1	76312	76312	G	T	86	4	0.0444444
1746	GL000198.1	76315	76315	C	G	88	4	0.0434783
1747	GL000208.1	91636	91636	A	G	3	0	0
1748	GL000220.1	125726	125726	T	C	27	1	0.0357143
1749	GL000220.1	129171	129171	T	A	43	0	0
1750	GL000220.1	144827	144827	A	G	19	0	0
1751	GL000195.1	138039	138039	G	A	1	0	0
1752	GL000212.1	40815	40815	G	T	1	0	0
1753	5	142779280	142779281	-	AAGT	39	0	0
1754	12	104719134	104719135	-	GACA	44	0	0
1755	16	57992234	57992235	AA	-	85	13	0.132653
1756	17	21558027	21558028	-	ACACC	268	51	0.159875
1757	1	1109203	1109203	G	T	146	4	0.0266667
1758	1	16362722	16362722	G	A	230	2	0.00862069
1759	1	16891207	16891207	T	C	136	2	0.0144928
1760	1	16914159	16914159	T	A	189	4	0.0207254
1761	1	78148306	78148306	C	T	58	1	0.0169492
1762	1	121485230	121485230	G	T	1199	14	0.0115416
1763	1	149094536	149094536	A	G	54	0	0
1764	1	151778915	151778915	C	T	65	1	0.0151515
1765	1	152285327	152285327	T	G	243	1	0.00409836
1766	1	167871313	167871313	T	A	125	1	0.00793651
1767	1	203872719	203872719	G	T	40	8	0.166667
1768	1	223316624	223316624	C	T	231	0	0
1769	1	228503680	228503680	C	G	336	5	0.0146628
1770	1	237038008	237038008	T	A	50	2	0.0384615
1771	2	6116017	6116017	C	T	93	0	0
1772	2	6635886	6635886	T	G	64	0	0
1773	2	87606830	87606830	A	G	68	0	0
1774	2	119605317	119605317	T	G	79	1	0.0125
1775	2	129026080	129026080	G	A	134	0	0
1776	2	161129101	161129101	A	T	64	0	0
1777	2	220086005	220086005	T	A	130	0	0
1778	4	43412423	43412423	T	A	293	0	0
1779	4	70275044	70275044	C	T	26	0	0
1780	4	78639688	78639688	C	A	33	1	0.0294118
1781	4	135121597	135121597	T	A	42	0	0
1782	4	143044558	143044558	A	T	32	0	0
1783	4	165118283	165118283	C	G	68	2	0.0285714
1784	5	32774933	32774933	G	T	39	1	0.025
1785	5	115298292	115298292	C	T	86	2	0.0227273
1786	5	126379940	126379940	T	C	29	0	0
1787	6	31540219	31540219	C	A	284	0	0
1788	6	32948951	32948951	A	T	54	0	0
1789	6	33554802	33554802	A	C	81	1	0.0121951
1790	6	51720750	51720750	A	T	54	1	0.0181818
1791	6	57185244	57185244	C	T	38	0	0
1792	6	157100005	157100005	C	A	34	0	0
1793	7	99102804	99102804	T	A	57	2	0.0338983
1794	7	136553524	136553524	C	G	117	0	0
1795	8	2022976	2022976	C	T	22	0	0
1796	8	37824130	37824130	C	T	250	3	0.0118577
1797	8	108261814	108261814	C	T	39	0	0
1798	9	68370295	68370295	G	C	193	3	0.0153061
1799	9	114565653	114565653	C	A	192	4	0.0204082
1800	10	3819123	3819123	C	T	22	0	0
1801	10	49239778	49239778	C	T	497	10	0.0197239
1802	11	5566426	5566426	A	T	47	0	0
1803	11	31648802	31648802	G	T	38	0	0
1804	11	67071117	67071117	C	T	121	0	0
1805	11	121502089	121502089	A	T	54	0	0
1806	11	125873932	125873932	C	A	68	0	0
1807	11	125873933	125873933	C	G	68	0	0
1808	12	5020451	5020451	G	A	395	0	0
1809	12	8353477	8353477	G	C	30	0	0
1810	12	51985181	51985181	C	A	201	0	0
1811	13	29933538	29933538	G	T	343	3	0.00867052
1812	13	53239754	53239754	C	T	33	0	0
1813	14	34271615	34271615	G	A	27	0	0
1814	14	65214357	65214357	G	T	232	0	0
1815	15	69708253	69708253	T	A	22	0	0
1816	15	100996114	100996114	C	T	35	1	0.0277778
1817	16	28330460	28330460	A	T	73	2	0.0266667
1818	16	33371655	33371655	C	T	85	1	0.0116279
1819	16	33539587	33539587	C	T	56	0	0
1820	16	57466420	57466420	G	A	75	0	0
1821	17	18882077	18882077	T	G	221	4	0.0177778
1822	17	77459878	77459878	T	G	77	0	0
1823	18	28573236	28573236	C	T	30	0	0
1824	19	327260	327260	T	A	62	0	0
1825	19	7989684	7989684	G	T	104	0	0
1826	19	41784981	41784981	G	C	150	0	0
1827	19	49535052	49535052	G	A	190	1	0.0052356
1828	19	53686198	53686198	T	G	53	0	0
1829	20	43058320	43058320	T	C	351	1	0.00284091
1830	20	43058323	43058323	G	A	342	7	0.0200573
1831	20	61890559	61890559	T	G	181	0	0
1832	21	46947369	46947369	A	G	30	0	0
1833	22	18841660	18841660	C	T	99	1	0.01
1834	22	26936998	26936998	G	A	80	0	0
1835	22	44579240	44579240	C	T	211	0	0
1836	X	73038209	73038209	T	C	20	0	0
1837	GL000229.1	14064	14064	G	A	110	2	0.0178571
1838	GL000221.1	16248	16248	A	T	110	1	0.00900901
1839	1	1027082	1027083	-	G	6	0	0
1840	1	2106882	2106882	T	-	1	0	0
1841	1	169204554	169204555	TA	-	13	0	0
1842	1	169204560	169204561	-	A	4	0	0
1843	1	178855310	178855340	TAAAACTTGGCTGGAAAAAAACCCCACCCAC	-	16	0	0
1844	1	186276524	186276526	AGG	-	736	25	0.0328515
1845	2	23980822	23980823	-	T	34	0	0
1846	2	23980828	23980828	C	-	35	0	0
1847	3	118923560	118923561	-	T	11	0	0
1848	3	196530035	196530036	-	A	18	0	0
1849	3	197765853	197765854	-	T	76	11	0.126437
1850	4	1019795	1019796	-	CA	16	1	0.0588235
1851	4	5815109	5815112	TTTA	-	7	1	0.125
1852	4	71468595	71468596	-	TA	50	2	0.0384615
1853	5	131670383	131670384	-	A	12	0	0
1854	8	20007084	20007085	TC	-	8	0	0
1855	10	27637093	27637094	-	G	53	0	0
1856	10	27637103	27637104	-	C	15	2	0.117647
1857	10	27637111	27637112	-	C	55	0	0
1858	10	46220248	46220251	AAAT	-	12	2	0.142857
1859	10	46220262	46220263	-	T	11	0	0
1860	10	46220269	46220270	-	C	11	0	0
1861	11	58977304	58977305	TT	-	45	5	0.1
1862	11	119179906	119179907	-	ATC	9	4	0.307692
1863	12	6671265	6671265	T	-	14	0	0
1864	12	6671267	6671267	G	-	12	0	0
1865	12	6928203	6928203	A	-	4	0	0
1866	12	11286136	11286137	-	A	34	0	0
1867	15	64687560	64687561	TG	-	26	0	0
1868	16	12021477	12021488	GCTGAGGGTGGA	-	341	1	0.00292398
1869	16	89356973	89356974	-	G	9	0	0
1870	17	62490	62491	AC	-	23	1	0.0416667
1871	19	42400781	42400781	G	-	67	0	0
1872	19	42400783	42400783	T	-	66	0	0
1873	19	42400793	42400794	CC	-	60	1	0.0163934
1874	19	42595137	42595138	GG	-	50	18	0.264706
1875	19	56671839	56671843	TAATG	-	7	5	0.416667
1876	21	42551338	42551339	-	GAG	16	17	0.515152
1877	21	42551395	42551397	GCA	-	16	6	0.272727
1878	X	48370353	48370353	A	-	58	0	0
1879	X	74898780	74898780	T	-	13	0	0
1880	X	100880152	100880154	TGA	-	56	0	0
1881	1	10240202	10240202	T	G	43	0	0
1882	1	12854097	12854097	T	C	150	46	0.234694
1883	1	13219048	13219048	T	G	102	46	0.310811
1884	1	16891299	16891299	T	C	408	26	0.0599078
1885	1	16891517	16891517	A	G	340	20	0.0555556
1886	1	16891527	16891527	G	C	247	41	0.142361
1887	1	16891582	16891582	C	T	260	14	0.0510949
1888	1	16892025	16892025	G	A	934	28	0.029106
1889	1	16892471	16892471	A	G	750	24	0.0310078
1890	1	16892933	16892933	A	C	171	12	0.0655738
1891	1	16943721	16943721	G	A	50	7	0.122807
1892	1	16946562	16946562	C	A	693	106	0.132666
1893	1	17198773	17198773	C	T	56	3	0.0508475
1894	1	38539647	38539647	A	G	1	0	0
1895	1	41514553	41514553	T	A	14	0	0
1896	1	47049079	47049079	A	G	159	5	0.0304878
1897	1	53416377	53416377	C	A	16	0	0
1898	1	112004330	112004330	A	T	3	4	0.571429
1899	1	144220700	144220700	G	C	112	22	0.164179
1900	1	144854491	144854491	T	G	71	25	0.260417
1901	1	144854497	144854497	A	G	93	35	0.273438
1902	1	144854597	144854597	T	C	111	171	0.606383
1903	1	145301696	145301696	G	A	143	41	0.222826
1904	1	145559025	145559025	G	T	66	2	0.0294118
1905	1	145559027	145559027	T	G	60	1	0.0163934
1906	1	146215152	146215152	T	C	26	2	0.0714286
1907	1	149280333	149280333	G	A	109	36	0.248276
1908	1	155148054	155148054	A	C	98	1	0.010101
1909	1	160849265	160849265	C	A	45	0	0
1910	1	161479910	161479910	G	C	48	9	0.157895
1911	1	167871311	167871311	A	T	130	4	0.0298507
1912	1	167956907	167956907	T	G	17	0	0
1913	1	169510160	169510160	C	G	199	13	0.0613208
1914	1	169510163	169510163	T	C	210	12	0.0540541
1915	1	169510185	169510185	C	T	245	28	0.102564
1916	1	169510469	169510469	G	A	436	41	0.0859539
1917	1	171309093	171309093	C	T	56	1	0.0175439
1918	1	173834333	173834333	A	C	22	1	0.0434783
1919	1	175096084	175096084	C	A	75	0	0
1920	1	178855304	178855304	T	A	25	0	0
1921	1	186276711	186276711	C	T	176	12	0.0638298
1922	1	186277208	186277208	T	C	485	19	0.0376984
1923	1	201035939	201035939	T	G	62	4	0.0606061
1924	1	201178942	201178942	G	A	385	17	0.0422886
1925	1	201178952	201178952	C	T	380	16	0.040404
1926	1	201178974	201178974	G	A	428	16	0.036036
1927	1	201179073	201179073	A	G	429	24	0.0529801
1928	1	201179113	201179113	A	G	226	12	0.0504202
1929	1	201180270	201180270	G	C	239	28	0.104869
1930	1	201180462	201180462	G	A	315	8	0.0247678
1931	1	201180733	201180733	A	G	336	8	0.0232558
1932	1	218614226	218614226	C	T	1	0	0
1933	1	237881674	237881674	T	A	15	0	0
1934	1	248041256	248041256	A	T	5	4	0.444444
1935	2	70045630	70045630	G	A	10	0	0
1936	2	79385758	79385758	A	C	78	6	0.0714286
1937	2	79385786	79385786	T	C	100	6	0.0566038
1938	2	79385787	79385787	G	A	100	6	0.0566038
1939	2	90414241	90414241	A	G	429	175	0.289735
1940	2	95542556	95542556	C	T	90	10	0.1
1941	2	96521297	96521297	T	C	75	61	0.448529
1942	2	96521324	96521324	A	G	91	32	0.260163
1943	2	97267589	97267589	G	T	20	0	0
1944	2	112813178	112813178	G	C	18	6	0.25
1945	2	133014491	133014491	C	T	53	14	0.208955
1946	2	133014537	133014537	G	C	112	4	0.0344828
1947	2	133014554	133014554	G	T	122	4	0.031746
1948	2	133020316	133020316	A	C	161	8	0.0473373
1949	2	133020346	133020346	T	C	149	8	0.0509554
1950	2	133020354	133020354	C	G	128	8	0.0588235
1951	2	155309030	155309030	C	T	32	2	0.0588235
1952	2	163136506	163136506	T	A	22	0	0
1953	2	170678588	170678588	G	A	20	2	0.0909091
1954	2	170780696	170780696	G	T	19	0	0
1955	2	219757374	219757374	C	T	1	0	0
1956	2	228845208	228845208	A	C	3	0	0
1957	2	232577559	232577559	T	C	24	1	0.04
1958	3	8809596	8809596	A	T	9	0	0
1959	3	49724014	49724014	G	A	303	60	0.165289
1960	3	49725076	49725076	G	C	222	15	0.0632911
1961	3	49725086	49725086	G	A	173	48	0.217195
1962	3	52662767	52662767	T	C	2	0	0
1963	3	57124557	57124557	T	C	5	3	0.375
1964	3	59907927	59907927	T	C	5	1	0.166667
1965	3	97851900	97851900	A	G	45	2	0.0425532
1966	3	97852058	97852058	A	G	8	1	0.111111
1967	3	195508043	195508043	T	C	217	43	0.165385
1968	3	195508402	195508402	G	T	246	36	0.12766
1969	3	195509954	195509954	G	C	292	54	0.156069
1970	3	195511093	195511093	C	T	504	21	0.04
1971	3	195511094	195511094	T	C	498	23	0.0441459
1972	3	195511788	195511788	G	A	771	66	0.078853
1973	3	195515052	195515052	G	C	329	14	0.0408163
1974	3	197765868	197765868	G	A	68	18	0.209302
1975	4	367169	367169	G	A	52	9	0.147541
1976	4	367199	367199	A	T	51	13	0.203125
1977	4	367201	367201	C	A	53	13	0.19697
1978	4	367206	367206	C	G	51	13	0.203125
1979	4	1388324	1388324	A	C	194	15	0.0717703
1980	4	4128614	4128614	T	C	65	6	0.084507
1981	4	57220269	57220269	A	C	52	4	0.0714286
1982	4	72426034	72426034	T	G	2	0	0
1983	4	88537186	88537186	T	C	19	3	0.136364
1984	4	144922436	144922436	T	G	40	12	0.230769
1985	5	437222	437222	A	G	71	11	0.134146
1986	5	23526968	23526968	T	C	194	6	0.03
1987	5	34191582	34191582	G	A	2180	255	0.104723
1988	5	95130716	95130716	A	G	5	3	0.375
1989	5	133492963	133492963	G	A	63	6	0.0869565
1990	5	140052430	140052430	G	T	93	134	0.590308
1991	5	140052469	140052469	T	C	53	73	0.579365
1992	5	140221195	140221195	G	C	350	85	0.195402
1993	5	140475763	140475763	C	G	318	41	0.114206
1994	5	180044169	180044169	A	G	2	2	0.5
1995	5	180473090	180473090	C	T	11	1	0.0833333
1996	6	30954774	30954774	G	C	298	36	0.107784
1997	6	31803107	31803107	C	T	103	4	0.0373832
1998	6	40706086	40706086	G	A	289	29	0.091195
1999	6	41166075	41166075	C	T	102	3	0.0285714
2000	6	41569295	41569295	T	C	128	5	0.037594
2001	6	56425219	56425219	C	T	57	3	0.05
2002	6	149813467	149813467	C	T	5	12	0.705882
2003	6	158094561	158094561	T	A	18	0	0
2004	7	27797825	27797825	T	A	15	0	0
2005	7	47315427	47315427	C	T	31	0	0
2006	7	57712137	57712137	C	G	114	41	0.264516
2007	7	65557474	65557474	T	G	24	5	0.172414
2008	7	103179543	103179543	C	T	9	0	0
2009	7	123329068	123329068	C	G	25	1	0.0384615
2010	7	142469468	142469468	C	G	244	11	0.0431373
2011	7	142469483	142469483	A	C	225	11	0.0466102
2012	7	142469510	142469510	G	A	195	11	0.0533981
2013	7	142471626	142471626	C	T	68	5	0.0684932
2014	7	149606931	149606931	C	A	57	3	0.05
2015	7	151932908	151932908	T	C	173	54	0.237885
2016	8	11189591	11189591	C	T	164	126	0.434483
2017	8	22053152	22053152	A	C	41	1	0.0238095
2018	9	33401407	33401407	A	G	203	59	0.225191
2019	9	33796889	33796889	A	G	78	19	0.195876
2020	9	33796896	33796896	T	C	72	11	0.13253
2021	9	33796927	33796927	A	G	38	0	0
2022	9	66499653	66499653	C	T	344	34	0.0899471
2023	9	84562486	84562486	G	T	55	4	0.0677966
2024	9	116267945	116267945	A	T	16	0	0
2025	9	131696449	131696449	T	C	2	0	0
2026	9	136083638	136083638	C	G	100	35	0.259259
2027	9	140276472	140276472	G	C	10	10	0.5
2028	10	5681690	5681690	T	C	8	0	0
2029	10	28908908	28908908	A	T	36	3	0.0769231
2030	10	28908910	28908910	T	G	34	3	0.0810811
2031	10	30978275	30978275	C	T	88	39	0.307087
2032	10	31650010	31650010	A	G	87	10	0.103093
2033	10	42528018	42528018	G	A	46	19	0.292308
2034	10	47669324	47669324	A	T	200	35	0.148936
2035	10	47669353	47669353	C	T	155	36	0.188482
2036	10	117094005	117094005	A	T	3	0	0
2037	11	1020840	1020840	G	T	64	0	0
2038	11	1643335	1643335	A	G	428	34	0.0735931
2039	11	1651613	1651613	T	C	53	67	0.558333
2040	11	1651723	1651723	A	G	177	6	0.0327869
2041	11	1651724	1651724	C	T	180	6	0.0322581
2042	11	43911153	43911153	G	T	5	0	0
2043	11	60231773	60231773	G	A	23	1	0.0416667
2044	11	63814455	63814455	C	T	1	0	0
2045	11	74419474	74419474	C	A	75	4	0.0506329
2046	11	89531764	89531764	T	C	32	11	0.255814
2047	11	111167229	111167229	G	A	73	5	0.0641026
2048	11	119179875	119179875	A	G	4	4	0.5
2049	11	123893791	123893791	A	C	386	27	0.0653753
2050	11	123893801	123893801	A	G	332	51	0.133159
2051	12	272554	272554	G	A	37	20	0.350877
2052	12	7187784	7187784	G	T	48	4	0.0769231
2053	12	9334761	9334761	A	T	10	15	0.6
2054	12	11461507	11461507	G	T	195	10	0.0487805
2055	12	11546379	11546379	T	C	224	4	0.0175439
2056	12	11586003	11586003	G	T	2	0	0
2057	12	16112798	16112798	C	T	35	26	0.42623
2058	12	25957681	25957681	C	T	14	5	0.263158
2059	12	53434557	53434557	G	C	9	1	0.1
2060	12	53434585	53434585	A	T	6	2	0.25
2061	12	66218509	66218509	C	G	106	2	0.0185185
2062	12	108913303	108913303	A	G	88	2	0.0222222
2063	12	122845698	122845698	C	A	84	10	0.106383
2064	12	125397663	125397663	A	G	73	2	0.0266667
2065	12	133163702	133163702	G	A	26	5	0.16129
2066	13	25671062	25671062	A	G	134	16	0.106667
2067	13	25671089	25671089	G	T	120	16	0.117647
2068	13	25914893	25914893	G	T	5	1	0.166667
2069	13	29295657	29295657	G	A	57	1	0.0172414
2070	13	40298623	40298623	T	C	50	5	0.0909091
2071	13	41239749	41239749	C	T	85	0	0
2072	13	47082346	47082346	T	G	13	0	0
2073	13	111109305	111109305	C	T	11	8	0.421053
2074	13	114514918	114514918	T	A	58	2	0.0333333
2075	14	24505423	24505423	G	A	0	4	1
2076	14	65198301	65198301	C	A	31	0	0
2077	14	103602046	103602046	C	T	111	0	0
2078	14	104208660	104208660	T	G	62	1	0.015873
2079	15	20833866	20833866	T	C	86	14	0.14
2080	15	20833873	20833873	A	G	83	14	0.14433
2081	15	32607256	32607256	A	G	88	15	0.145631
2082	15	43507378	43507378	G	C	125	5	0.0384615
2083	15	43817970	43817970	C	T	96	8	0.0769231
2084	15	52107369	52107369	A	G	40	7	0.148936
2085	15	52488680	52488680	C	A	36	0	0
2086	15	52876961	52876961	G	A	5	1	0.166667
2087	15	74180980	74180980	T	C	36	7	0.162791
2088	15	80215064	80215064	C	A	15	0	0
2089	15	85213872	85213872	G	A	27	5	0.15625
2090	15	89174888	89174888	C	T	42	5	0.106383
2091	15	91837812	91837812	C	A	27	0	0
2092	15	102304869	102304869	T	C	122	9	0.0687023
2093	15	102304883	102304883	C	G	121	6	0.0472441
2094	15	102304884	102304884	G	A	118	6	0.0483871
2095	16	2222367	2222367	C	T	6	0	0
2096	16	15082800	15082800	C	T	77	1	0.0128205
2097	16	15162144	15162144	A	T	26	0	0
2098	16	23421770	23421770	C	A	16	0	0
2099	16	29680799	29680799	T	G	106	5	0.045045
2100	16	57931488	57931488	C	T	53	0	0
2101	16	69951430	69951430	C	A	4	0	0
2102	16	70413617	70413617	T	C	9	2	0.181818
2103	16	75652425	75652425	T	A	10	2	0.166667
2104	16	85838698	85838698	G	T	54	0	0
2105	16	90232893	90232893	C	A	447	110	0.197487
2106	17	21544420	21544420	A	G	88	5	0.0537634
2107	17	21904954	21904954	C	T	495	21	0.0406977
2108	17	33288444	33288444	A	G	53	2	0.0363636
2109	17	33521002	33521002	G	A	402	10	0.0242718
2110	17	37688365	37688365	C	T	71	3	0.0405405
2111	17	39346456	39346456	T	C	135	25	0.15625
2112	17	40023629	40023629	A	G	40	1	0.0243902
2113	17	43910944	43910944	A	C	55	0	0
2114	17	45234303	45234303	G	C	21	9	0.3
2115	17	58512429	58512429	A	G	18	0	0
2116	17	71375789	71375789	A	C	36	0	0
2117	17	74017452	74017452	G	A	67	46	0.40708
2118	17	80544133	80544133	G	A	17	4	0.190476
2119	18	12211819	12211819	C	T	24	3	0.111111
2120	18	45363671	45363671	T	C	44	2	0.0434783
2121	18	46383874	46383874	A	T	26	0	0
2122	19	1048823	1048823	C	A	10	6	0.375
2123	19	7703507	7703507	T	A	6	2	0.25
2124	19	7997456	7997456	A	G	18	4	0.181818
2125	19	9271403	9271403	C	T	85	6	0.0659341
2126	19	15918238	15918238	A	C	106	50	0.320513
2127	19	18544466	18544466	G	T	7	0	0
2128	19	39361226	39361226	C	T	102	5	0.046729
2129	19	42563273	42563273	A	G	4	0	0
2130	19	47995590	47995590	G	T	1	0	0
2131	19	54080142	54080142	A	G	28	0	0
2132	19	54661979	54661979	G	A	44	6	0.12
2133	19	55141954	55141954	G	A	163	99	0.377863
2134	19	55281428	55281428	C	A	30	4	0.117647
2135	19	55281432	55281432	G	T	30	4	0.117647
2136	19	56671836	56671836	C	T	4	5	0.555556
2137	19	56671857	56671857	C	T	7	5	0.416667
2138	19	58385846	58385846	G	C	16	2	0.111111
2139	20	7962417	7962417	G	T	30	1	0.0322581
2140	20	17639867	17639867	C	T	27	2	0.0689655
2141	20	26064397	26064397	G	C	99	81	0.45
2142	20	29628179	29628179	T	C	109	9	0.0762712
2143	20	31546454	31546454	G	T	4	0	0
2144	20	56140304	56140304	A	G	6	0	0
2145	20	62044975	62044975	A	C	38	32	0.457143
2146	20	62197981	62197981	G	T	5	15	0.75
2147	22	23505197	23505197	G	C	12	2	0.142857
2148	22	29806018	29806018	A	C	2	3	0.6
2149	22	29806019	29806019	G	A	3	3	0.5
2150	22	29806131	29806131	T	C	11	7	0.388889
2151	22	29806132	29806132	A	G	11	7	0.388889
2152	22	29806163	29806163	T	C	10	5	0.333333
2153	22	30855724	30855724	G	T	8	0	0
2154	22	38165443	38165443	A	C	21	1	0.0454545
2155	22	44514732	44514732	G	T	1	0	0
2156	X	8434166	8434166	G	A	1	19	0.95
2157	X	12840909	12840909	G	A	29	2	0.0645161
2158	X	48305970	48305970	A	G	33	9	0.214286
2159	X	48306039	48306039	C	T	36	10	0.217391
2160	X	65176531	65176531	T	C	72	22	0.234043
2161	X	65176539	65176539	G	C	73	22	0.231579
2162	X	65176559	65176559	A	G	57	20	0.25974
2163	X	65176565	65176565	C	A	62	20	0.243902
2164	X	101138005	101138005	A	G	23	0	0
2165	X	107408443	107408443	G	T	6	0	0
2166	X	110459817	110459817	A	G	14	0	0
2167	X	118603830	118603830	A	G	29	4	0.121212
2168	X	123047668	123047668	G	C	37	4	0.097561
2169	X	153002747	153002747	G	T	132	0	0
2170	GL000229.1	13201	13201	T	C	42	3	0.0666667
2171	GL000229.1	13221	13221	A	G	49	3	0.0576923
2172	GL000229.1	14132	14132	A	C	97	13	0.118182
2173	GL000195.1	626	626	T	C	458	50	0.0984252
2174	GL000195.1	131215	131215	G	T	76	25	0.247525
